0.965949 -199.112 0.768079 143.211
0.900471 -181.993 0.733075 135.242
1.036 -216.906 0.803077 150.64
-14.3525 1464.28 1.64036 101.776
-28.5571 2830.66 1.6058 99.0618
1.036 -212.834 0.803077 147.812
0.838773 -168.118 0.69794 128.807
0.965925 -200.092 0.768067 143.917
0.899798 -184.332 0.732704 137.026
1.036 -218.942 0.803077 152.054
1.036 -216.906 0.803077 150.64
-14.25 1461 1.64086 102.275
0.965925 -200.092 0.768067 143.917
1.03528 -217.328 0.802729 150.988
0.899798 -184.332 0.732704 137.026
0.965925 -200.092 0.768067 143.917
1.036 -218.942 0.803077 152.054
0.900404 -184.837 0.733038 137.361
0.965254 -201.508 0.76772 144.984
1.03453 -219.799 0.80237 152.761
0.899798 -186.231 0.732704 138.439
1.11053 -240.208 0.837721 160.737
0.899798 -184.332 0.732704 137.026
1.11136 -237.641 0.838093 158.953
0.900471 -181.993 0.733075 135.242
1.036 -220.978 0.803077 153.468
0.965925 -202.058 0.768067 145.331
0.900404 -188.638 0.733038 140.185
1.11061 -241.274 0.837758 161.443
1.03525 -222.413 0.802717 154.522
0.965949 -205.01 0.768079 147.453
1.11061 -243.384 0.837758 162.856
1.11061 -241.274 0.837758 161.443
1.036 -223.014 0.803077 154.882
0.965254 -205.438 0.76772 147.812
1.11061 -243.384 0.837758 162.856
1.11061 -241.274 0.837758 161.443
-7.1259 792.223 1.71022 110.096
-9.47143 1043.89 1.67599 109.605
1.036 -223.014 0.803077 154.882
0.965949 -206.976 0.768079 148.867
1.11061 -243.384 0.837758 162.856
-7.1259 806.475 1.71022 112.077
-9.51675 1053.58 1.67549 110.102
1.036 -223.014 0.803077 154.882
1.11061 -245.495 0.837758 164.268
0.965949 -206.976 0.768079 148.867
-7.1259 813.601 1.71022 113.067
-5.67723 658.689 1.74515 114.264
1.036 -227.086 0.803077 157.71
1.11061 -247.605 0.837758 165.68
0.965254 -209.369 0.76772 150.64
-5.67723 670.043 1.74515 116.233
-7.1223 820.82 1.71029 114.127
1.03453 -227.937 0.80237 158.417
1.11061 -248.716 0.837758 166.423
-5.66092 671.006 1.74564 116.726
0.965254 -211.334 0.76772 152.054
-7.1223 835.065 1.71029 116.108
0.965254 -209.369 0.76772 150.64
-4.70192 575.125 1.78035 119.641
1.19129 -270.442 0.872473 173.876
1.03453 -227.937 0.80237 158.417
1.11061 -249.716 0.837758 167.093
-5.67723 688.075 1.74515 119.361
0.96662 -212.462 0.768427 152.761
0.965925 -209.922 0.768067 150.988
-4.70192 579.827 1.78035 120.619
-7.1223 835.065 1.71029 116.108
1.19222 -275.546 0.872856 177.077
1.036 -231.158 0.803077 160.538
1.11136 -251.42 0.838093 168.17
-5.67723 688.075 1.74515 119.361
0.965254 -213.3 0.76772 153.468
1.19129 -276.016 0.872473 177.46
-4.70192 579.827 1.78035 120.619
1.19129 -273.824 0.872473 176.051
1.11136 -253.531 0.838093 169.583
1.036 -233.194 0.803077 161.952
-5.66092 694.649 1.74564 120.839
0.965254 -215.265 0.76772 154.882
-4.70433 590.019 1.78025 122.679
1.19222 -277.738 0.872856 178.486
1.19129 -273.824 0.872473 176.051
1.11136 -253.531 0.838093 169.583
1.036 -233.194 0.803077 161.952
1.19222 -277.738 0.872856 178.486
-4.71566 593.737 1.77976 123.169
1.19129 -273.824 0.872473 176.051
0.965254 -217.23 0.76772 156.296
-5.67723 699.429 1.74515 121.331
1.11136 -253.531 0.838093 169.583
1.036 -233.194 0.803077 161.952
1.19222 -277.738 0.872856 178.486
-4.70192 599.635 1.78035 124.74
0.965254 -215.265 0.76772 154.882
1.10978 -252.278 0.837387 168.876
1.036 -233.194 0.803077 161.952
1.19222 -275.546 0.872856 177.077
1.11061 -255.048 0.837758 170.66
1.19222 -277.738 0.872856 178.486
1.036 -235.23 0.803077 163.366
1.11061 -255.048 0.837758 170.66
1.19222 -277.738 0.872856 178.486
1.03453 -236.075 0.80237 164.073
1.11136 -255.643 0.838093 170.995
1.19129 -278.207 0.872473 178.869
1.036 -237.266 0.803077 164.78
1.036 -235.23 0.803077 163.366
1.28026 -301.558 0.907692 185.629
-4.01033 523.771 1.81517 126.725
1.11136 -255.643 0.838093 170.995
1.19129 -278.207 0.872473 178.869
1.036 -237.266 0.803077 164.78
1.28026 -301.558 0.907692 185.629
1.036 -235.23 0.803077 163.366
-4.01033 536.802 1.81517 129.878
1.036 -233.194 0.803077 161.952
-4.70433 614.541 1.78025 127.778
1.19129 -278.207 0.872473 178.869
1.11136 -255.643 0.838093 170.995
-4.01033 536.802 1.81517 129.878
1.28026 -301.558 0.907692 185.629
1.036 -237.266 0.803077 164.78
1.19129 -280.398 0.872473 180.278
1.11061 -257.158 0.837758 172.073
-4.01033 536.802 1.81517 129.878
1.28026 -303.838 0.907692 187.033
1.03453 -238.109 0.80237 165.487
1.19129 -278.207 0.872473 178.869
1.11061 -257.158 0.837758 172.073
-4.01033 536.802 1.81517 129.878
1.28026 -303.838 0.907692 187.033
-3.4837 478.929 1.85033 132.141
-4.70192 619.442 1.78035 128.86
1.19129 -280.398 0.872473 180.278
1.11053 -258.203 0.837721 172.779
-4.01863 539.857 1.81468 130.363
-3.4837 478.929 1.85033 132.141
1.27922 -305.325 0.907298 188.042
-3.07767 431.864 1.88496 133.454
1.03528 -240.751 0.802729 167.261
-4.70192 619.442 1.78035 128.86
1.19222 -281.122 0.872856 180.661
1.11061 -259.269 0.837758 173.485
-4.00826 545.058 1.81529 131.939
1.28026 -306.119 0.907692 188.436
1.19222 -281.122 0.872856 180.661
1.11061 -259.269 0.837758 173.485
-3.4882 485.234 1.84999 133.721
-4.00826 545.058 1.81529 131.939
1.28026 -306.119 0.907692 188.436
1.19129 -282.589 0.872473 181.686
1.10978 -260.717 0.837387 174.526
1.28026 -306.119 0.907692 188.436
1.27922 -308.883 0.907298 190.234
-3.4882 485.234 1.84999 133.721
-4.00826 549.066 1.81529 132.91
1.19129 -282.589 0.872473 181.686
1.11061 -261.38 0.837758 174.897
1.28026 -308.399 0.907692 189.84
-3.4882 488.722 1.84999 134.682
1.19222 -285.507 0.872856 183.478
1.11061 -261.38 0.837758 174.897
1.27922 -308.883 0.907298 190.234
-3.4837 490.38 1.85033 135.3
1.19222 -285.507 0.872856 183.478
1.27922 -308.883 0.907298 190.234
1.11061 -261.38 0.837758 174.897
1.10978 -263.937 0.837387 176.681
1.19129 -282.589 0.872473 181.686
1.28026 -306.119 0.907692 188.436
1.10978 -260.717 0.837387 174.526
1.19222 -285.507 0.872856 183.478
1.27922 -308.883 0.907298 190.234
1.10978 -263.937 0.837387 176.681
1.11061 -261.38 0.837758 174.897
1.19222 -285.507 0.872856 183.478
1.28026 -310.679 0.907692 191.244
1.11061 -261.38 0.837758 174.897
1.10978 -263.937 0.837387 176.681
-3.49002 496.437 1.84985 136.742
1.37585 -334.76 0.942294 196.817
1.27922 -308.883 0.907298 190.234
1.19129 -283.781 0.872473 182.452
-3.4882 500.187 1.84999 137.841
1.37702 -333.258 0.942699 195.824
1.10978 -263.937 0.837387 176.681
1.11061 -259.269 0.837758 173.485
1.37702 -338.012 0.942699 198.618
1.11061 -261.38 0.837758 174.897
1.27922 -308.883 0.907298 190.234
1.19129 -283.781 0.872473 182.452
-3.48188 501.091 1.85047 138.322
1.37702 -333.258 0.942699 195.824
1.11061 -261.38 0.837758 174.897
1.11061 -259.269 0.837758 173.485
1.28026 -310.679 0.907692 191.244
1.19222 -285.507 0.872856 183.478
-3.48188 501.091 1.85047 138.322
1.37585 -334.76 0.942294 196.817
1.37702 -338.012 0.942699 198.618
1.27922 -308.883 0.907298 190.234
1.19129 -283.781 0.872473 182.452
-3.49002 504.417 1.84985 138.94
-3.07767 452.33 1.88496 139.778
1.37585 -334.76 0.942294 196.817
-4.01863 569.988 1.81468 137.639
1.28026 -311.959 0.907692 192.032
1.19129 -285.972 0.872473 183.861
-3.49002 504.417 1.84985 138.94
-3.07767 452.33 1.88496 139.778
1.37702 -338.012 0.942699 198.618
1.27922 -313.442 0.907298 193.041
1.19222 -287.699 0.872856 184.887
1.37585 -338.512 0.942294 199.023
-3.07767 452.33 1.88496 139.778
-3.49002 504.417 1.84985 138.94
1.28026 -314.24 0.907692 193.435
1.37585 -340.888 0.942294 200.419
1.19222 -287.699 0.872856 184.887
-3.07767 452.33 1.88496 139.778
-3.49002 504.417 1.84985 138.94
1.28026 -314.24 0.907692 193.435
1.37702 -341.766 0.942699 200.824
1.19129 -288.163 0.872473 185.27
-3.49002 504.417 1.84985 138.94
-3.07767 452.33 1.88496 139.778
1.28026 -316.52 0.907692 194.839
1.3767 -342.902 0.942588 201.522
1.19129 -290.355 0.872473 186.679
1.19129 -292.546 0.872473 188.088
-3.07767 452.33 1.88496 139.778
1.28026 -316.52 0.907692 194.839
1.37585 -344.639 0.942294 202.625
1.19129 -292.546 0.872473 188.088
1.28026 -316.52 0.907692 194.839
1.37585 -344.639 0.942294 202.625
1.19129 -292.546 0.872473 188.088
1.27922 -319.279 0.907298 196.637
1.37585 -347.015 0.942294 204.022
1.19222 -293.275 0.872856 188.471
1.28026 -318.8 0.907692 196.243
1.37585 -347.015 0.942294 204.022
1.19129 -292.546 0.872473 188.088
-3.07767 449.252 1.88496 138.827
1.27922 -319.279 0.907298 196.637
1.37702 -347.897 0.942699 204.427
1.19222 -297.66 0.872856 191.288
-3.07767 449.252 1.88496 138.827
1.19129 -294.737 0.872473 189.497
1.27922 -319.279 0.907298 196.637
1.37702 -347.897 0.942699 204.427
-3.07767 452.33 1.88496 139.778
1.19222 -293.275 0.872856 188.471
1.19222 -297.66 0.872856 191.288
1.48168 -376.553 0.977109 210.652
-4.01863 569.988 1.81468 137.639
1.27922 -319.279 0.907298 196.637
1.37702 -347.897 0.942699 204.427
-3.07767 452.33 1.88496 139.778
-2.74708 413.861 1.91991 141.567
1.19222 -293.275 0.872856 188.471
1.19222 -297.66 0.872856 191.288
-4.01863 569.988 1.81468 137.639
1.48301 -377.526 0.977523 211.066
1.28026 -321.08 0.907692 197.646
1.37702 -347.897 0.942699 204.427
-3.07767 452.33 1.88496 139.778
1.19129 -294.737 0.872473 189.497
1.19222 -297.66 0.872856 191.288
1.48168 -376.553 0.977109 210.652
-4.01863 569.988 1.81468 137.639
1.28026 -321.08 0.907692 197.646
1.37702 -347.897 0.942699 204.427
-3.07767 452.33 1.88496 139.778
1.19129 -294.737 0.872473 189.497
1.19222 -297.66 0.872856 191.288
-2.74708 416.608 1.91991 142.507
-3.48188 501.091 1.85047 138.322
1.48168 -376.553 0.977109 210.652
1.28026 -322.361 0.907692 198.434
1.37585 -350.767 0.942294 206.228
-3.07767 452.33 1.88496 139.778
1.19129 -298.12 0.872473 191.671
1.48301 -380.009 0.977523 212.455
1.28026 -322.361 0.907692 198.434
1.37702 -350.274 0.942699 205.823
-3.07767 452.33 1.88496 139.778
1.19222 -297.66 0.872856 191.288
1.48168 -380.517 0.977109 212.869
1.37585 -350.767 0.942294 206.228
1.27922 -323.838 0.907298 199.444
1.19222 -299.852 0.872856 192.697
-3.07767 452.33 1.88496 139.778
1.27922 -323.838 0.907298 199.444
1.37702 -352.651 0.942699 207.22
1.19222 -299.852 0.872856 192.697
1.48168 -380.517 0.977109 212.869
1.28026 -322.361 0.907692 198.434
1.37702 -350.274 0.942699 205.823
1.19129 -298.12 0.872473 191.671
1.27922 -323.838 0.907298 199.444
1.37585 -350.767 0.942294 206.228
1.19222 -299.852 0.872856 192.697
1.27922 -323.838 0.907298 199.444
1.37585 -350.767 0.942294 206.228
1.19129 -298.12 0.872473 191.671
-3.07767 449.252 1.88496 138.827
-3.07929 456.125 1.8848 140.884
1.28026 -324.641 0.907692 199.838
1.37585 -353.143 0.942294 207.625
1.19222 -299.852 0.872856 192.697
-3.07767 449.252 1.88496 138.827
-3.48188 501.091 1.85047 138.322
1.27922 -323.838 0.907298 199.444
1.37702 -352.651 0.942699 207.22
-3.07767 449.252 1.88496 138.827
1.19222 -299.852 0.872856 192.697
1.28026 -324.641 0.907692 199.838
1.37702 -352.651 0.942699 207.22
-3.07767 449.252 1.88496 138.827
1.19222 -301.044 0.872856 193.463
-2.74854 410.807 1.91974 140.456
-3.4882 500.187 1.84999 137.841
1.28026 -326.921 0.907692 201.242
-3.07767 449.252 1.88496 138.827
1.37585 -353.143 0.942294 207.625
1.19222 -299.852 0.872856 192.697
-2.74854 410.807 1.91974 140.456
1.19129 -302.502 0.872473 194.489
-3.49002 496.437 1.84985 136.742
1.28026 -326.921 0.907692 201.242
1.37585 -353.143 0.942294 207.625
-3.07767 449.252 1.88496 138.827
1.19222 -301.044 0.872856 193.463
-2.74854 410.807 1.91974 140.456
-3.49002 496.437 1.84985 136.742
1.28026 -326.921 0.907692 201.242
1.37585 -353.143 0.942294 207.625
1.19222 -301.044 0.872856 193.463
-3.07767 449.252 1.88496 138.827
1.28026 -326.921 0.907692 201.242
1.37585 -355.519 0.942294 209.021
1.19129 -302.502 0.872473 194.489
-3.07767 449.252 1.88496 138.827
1.28026 -326.921 0.907692 201.242
1.37585 -353.143 0.942294 207.625
1.19222 -301.044 0.872856 193.463
-3.07767 442.097 1.88496 136.616
1.28026 -326.921 0.907692 201.242
1.19129 -302.502 0.872473 194.489
1.37585 -355.519 0.942294 209.021
1.28026 -326.921 0.907692 201.242
1.37585 -353.143 0.942294 207.625
1.19222 -301.044 0.872856 193.463
1.27922 -327.396 0.907298 201.636
1.37585 -355.519 0.942294 209.021
1.19129 -302.502 0.872473 194.489
1.28026 -329.201 0.907692 202.645
1.37702 -356.405 0.942699 209.426
1.193 -303.853 0.873178 195.193
-3.07767 439.019 1.88496 135.665
1.28026 -326.921 0.907692 201.242
1.37585 -353.143 0.942294 207.625
1.19222 -301.044 0.872856 193.463
-2.74708 395.379 1.91991 135.245
1.28026 -324.641 0.907692 199.838
1.37702 -352.651 0.942699 207.22
-2.74708 395.379 1.91991 135.245
1.19222 -299.852 0.872856 192.697
1.11061 -295.26 0.837758 197.568
1.28026 -322.361 0.907692 198.434
-2.74708 395.379 1.91991 135.245
1.37585 -350.767 0.942294 206.228
1.19129 -298.12 0.872473 191.671
-3.07929 435.649 1.8848 134.559
-2.4753 364.126 1.95474 136.394
1.28026 -324.641 0.907692 199.838
1.37702 -352.651 0.942699 207.22
-2.74854 392.316 1.91974 134.134
1.19222 -299.852 0.872856 192.697
-2.472 362.472 1.9552 135.93
1.10978 -296.693 0.837387 198.608
1.27922 -323.838 0.907298 199.444
1.37702 -352.651 0.942699 207.22
-2.74708 391.632 1.91991 133.963
1.19222 -299.852 0.872856 192.697
1.11061 -295.26 0.837758 197.568
1.28026 -322.361 0.907692 198.434
1.37585 -350.767 0.942294 206.228
-2.74708 391.632 1.91991 133.963
1.19129 -298.12 0.872473 191.671
1.11061 -294.149 0.837758 196.824
1.28026 -322.361 0.907692 198.434
1.37585 -350.767 0.942294 206.228
1.19129 -298.12 0.872473 191.671
-2.74708 391.632 1.91991 133.963
1.11061 -294.149 0.837758 196.824
1.19129 -316.841 0.872473 203.708
1.28026 -322.361 0.907692 198.434
1.37702 -350.274 0.942699 205.823
1.19222 -316.39 0.872856 203.325
1.19129 -295.928 0.872473 190.262
1.11061 -293.149 0.837758 196.155
-2.74708 391.632 1.91991 133.963
1.28026 -321.08 0.907692 197.646
1.37702 -347.897 0.942699 204.427
1.11136 -291.647 0.838093 195.078
1.19222 -316.39 0.872856 203.325
1.19222 -297.66 0.872856 191.288
1.27922 -319.279 0.907298 196.637
1.37585 -347.015 0.942294 204.022
1.10978 -290.364 0.837387 194.371
1.19129 -314.65 0.872473 202.299
1.19129 -294.737 0.872473 189.497
1.28026 -318.8 0.907692 196.243
1.37585 -347.015 0.942294 204.022
1.19222 -314.198 0.872856 201.916
1.10978 -290.364 0.837387 194.371
1.19129 -294.737 0.872473 189.497
-2.74708 388.884 1.91991 133.023
-2.47664 352.888 1.95455 132.123
1.48168 -376.553 0.977109 210.652
1.37702 -345.52 0.942699 203.03
1.28026 -318.8 0.907692 196.243
1.19222 -314.198 0.872856 201.916
-2.74708 388.884 1.91991 133.023
1.19222 -293.275 0.872856 188.471
1.11136 -289.536 0.838093 193.665
1.48301 -375.043 0.977523 209.678
1.28026 -316.52 0.907692 194.839
1.3767 -342.902 0.942588 201.522
-2.74708 388.884 1.91991 133.023
1.19129 -311.267 0.872473 200.124
1.11136 -287.425 0.838093 192.253
1.48168 -371.59 0.977109 207.875
1.19129 -292.546 0.872473 188.088
1.19129 -290.355 0.872473 186.679
1.48301 -375.043 0.977523 209.678
1.3767 -342.902 0.942588 201.522
1.28026 -314.24 0.907692 193.435
-2.74854 383.07 1.91974 130.973
-2.74708 388.884 1.91991 133.023
1.19129 -311.267 0.872473 200.124
-3.07767 421.631 1.88496 130.292
1.11136 -287.425 0.838093 192.253
1.48168 -371.59 0.977109 207.875
1.19129 -288.163 0.872473 185.27
1.19129 -292.546 0.872473 188.088
1.3767 -342.902 0.942588 201.522
1.28026 -314.24 0.907692 193.435
-2.74854 383.07 1.91974 130.973
1.19129 -311.267 0.872473 200.124
1.11136 -287.425 0.838093 192.253
1.48168 -371.59 0.977109 207.875
1.19129 -292.546 0.872473 188.088
-3.07767 418.553 1.88496 129.341
1.3767 -342.902 0.942588 201.522
1.28026 -314.24 0.907692 193.435
-2.74854 383.07 1.91974 130.973
1.19222 -309.813 0.872856 199.099
1.48301 -371.077 0.977523 207.461
1.11136 -287.425 0.838093 192.253
1.37585 -340.888 0.942294 200.419
1.27922 -313.442 0.907298 193.041
-2.74854 383.07 1.91974 130.973
1.19222 -309.813 0.872856 199.099
1.48301 -371.077 0.977523 207.461
1.37585 -340.888 0.942294 200.419
1.28026 -314.24 0.907692 193.435
1.48168 -371.59 0.977109 207.875
-2.74708 382.39 1.91991 130.802
1.19222 -309.813 0.872856 199.099
1.3767 -342.902 0.942588 201.522
1.28026 -314.24 0.907692 193.435
1.48168 -371.59 0.977109 207.875
1.19222 -309.813 0.872856 199.099
-2.74708 379.643 1.91991 129.862
1.37585 -340.888 0.942294 200.419
1.27922 -313.442 0.907298 193.041
1.19207 -308.694 0.872795 198.394
1.48301 -368.594 0.977523 206.073
1.37585 -338.512 0.942294 199.023
1.28026 -311.959 0.907692 192.032
1.48301 -368.594 0.977523 206.073
1.19207 -308.694 0.872795 198.394
1.37585 -340.888 0.942294 200.419
1.28026 -314.24 0.907692 193.435
1.48301 -371.077 0.977523 207.461
1.19222 -309.813 0.872856 199.099
-2.74854 376.573 1.91974 128.752
1.37585 -340.888 0.942294 200.419
1.27922 -313.442 0.907298 193.041
1.48301 -371.077 0.977523 207.461
-2.4753 341.323 1.95474 127.852
1.37585 -338.512 0.942294 199.023
1.48301 -368.594 0.977523 206.073
1.28026 -311.959 0.907692 192.032
-2.47333 339.353 1.95501 127.201
1.37585 -338.512 0.942294 199.023
1.48301 -368.594 0.977523 206.073
-2.47333 339.353 1.95501 127.201
-2.74708 370.402 1.91991 126.701
1.27922 -313.442 0.907298 193.041
1.28026 -310.679 0.907692 191.244
-3.07767 405.243 1.88496 125.227
1.37585 -338.512 0.942294 199.023
1.48301 -371.077 0.977523 207.461
-2.47664 338.505 1.95455 126.738
-2.74708 363.908 1.91991 124.48
1.28026 -314.24 0.907692 193.435
1.28026 -311.959 0.907692 192.032
1.37585 -338.512 0.942294 199.023
1.48301 -368.594 0.977523 206.073
-2.4753 335.373 1.95474 125.623
1.27922 -313.442 0.907298 193.041
-2.24447 311.859 1.98993 126.918
1.37585 -338.512 0.942294 199.023
1.48301 -371.077 0.977523 207.461
-2.4753 332.897 1.95474 124.696
1.28026 -311.959 0.907692 192.032
1.37585 -340.888 0.942294 200.419
1.48301 -371.077 0.977523 207.461
-2.47333 330.933 1.95501 124.045
1.28026 -311.959 0.907692 192.032
1.28026 -314.24 0.907692 193.435
1.60151 -402.073 1.01262 212.953
1.37585 -340.888 0.942294 200.419
1.48168 -371.59 0.977109 207.875
-2.4753 329.422 1.95474 123.394
1.28026 -314.24 0.907692 193.435
1.28026 -311.959 0.907692 192.032
1.6 -405.2 1.0122 214.756
1.37585 -338.512 0.942294 199.023
1.48301 -368.594 0.977523 206.073
1.28026 -314.24 0.907692 193.435
-2.4753 329.422 1.95474 123.394
1.60151 -402.073 1.01262 212.953
1.37585 -336.136 0.942294 197.626
1.48168 -367.626 0.977109 205.658
1.6 -398.4 1.0122 211.152
1.28026 -311.959 0.907692 192.032
1.37702 -338.012 0.942699 198.618
1.48168 -367.626 0.977109 205.658
1.27922 -313.442 0.907298 193.041
1.60151 -402.073 1.01262 212.953
1.6 -398.4 1.0122 211.152
1.37585 -336.136 0.942294 197.626
1.4839 -366.763 0.977803 204.964
1.28026 -311.959 0.907692 192.032
1.6 -398.4 1.0122 211.152
-2.4753 326.947 1.95474 122.467
1.37585 -334.76 0.942294 196.817
1.48301 -364.628 0.977523 203.855
-2.47664 324.122 1.95455 121.353
1.27922 -308.883 0.907298 190.234
1.6 -398.4 1.0122 211.152
1.6 -394.2 1.0122 208.926
1.28026 -306.119 0.907692 188.436
1.4839 -366.763 0.977803 204.964
1.37585 -336.136 0.942294 197.626
-2.472 321.864 1.9552 120.702
1.28026 -311.959 0.907692 192.032
1.6 -398.4 1.0122 211.152
1.60151 -402.073 1.01262 212.953
1.48301 -364.628 0.977523 203.855
1.37585 -334.76 0.942294 196.817
-2.472 321.864 1.9552 120.702
-2.24447 298.636 1.98993 121.537
-2.74708 348.173 1.91991 119.097
1.6 -394.2 1.0122 208.926
1.60246 -397.538 1.01289 210.463
1.28026 -310.679 0.907692 191.244
1.48168 -363.663 0.977109 203.441
1.37702 -333.258 0.942699 195.824
-2.4753 320.996 1.95474 120.238
1.60246 -397.538 1.01289 210.463
1.6 -394.2 1.0122 208.926
-2.05017 280.544 2.02461 122.989
1.27922 -308.883 0.907298 190.234
1.48301 -362.145 0.977523 202.467
1.37585 -332.384 0.942294 195.42
-2.4753 320.996 1.95474 120.238
-2.24723 297.819 1.98948 121.08
1.60246 -397.538 1.01289 210.463
1.28026 -308.399 0.907692 189.84
1.6 -394.2 1.0122 208.926
1.6 -391.6 1.0122 207.548
-2.05017 280.544 2.02461 122.989
1.48301 -360.662 0.977523 201.638
1.37585 -330.009 0.942294 194.023
-2.24723 297.819 1.98948 121.08
-2.4753 320.996 1.95474 120.238
1.6 -394.2 1.0122 208.926
1.6 -391.6 1.0122 207.548
1.28026 -306.119 0.907692 188.436
1.48168 -358.7 0.977109 200.664
1.37702 -329.504 0.942699 193.619
1.6 -391.6 1.0122 207.548
-2.24723 297.819 1.98948 121.08
-2.4753 320.996 1.95474 120.238
1.6 -394.2 1.0122 208.926
1.48168 -358.7 0.977109 200.664
1.37585 -330.009 0.942294 194.023
1.6 -391.6 1.0122 207.548
1.6 -394.2 1.0122 208.926
-2.24723 294.572 1.98948 119.76
1.48168 -358.7 0.977109 200.664
1.37702 -329.504 0.942699 193.619
1.6 -391.6 1.0122 207.548
1.48301 -358.179 0.977523 200.25
1.37702 -329.504 0.942699 193.619
1.6 -387.4 1.0122 205.322
1.6 -391.6 1.0122 207.548
1.48301 -358.179 0.977523 200.25
1.37585 -327.633 0.942294 192.626
1.6 -391.6 1.0122 207.548
1.6 -387.4 1.0122 205.322
-2.24723 289.078 1.98948 117.526
-2.47664 318.168 1.95455 119.124
1.48301 -358.179 0.977523 200.25
1.37585 -327.633 0.942294 192.626
1.6 -387.4 1.0122 205.322
1.6 -391.6 1.0122 207.548
-2.24723 289.078 1.98948 117.526
1.48301 -358.179 0.977523 200.25
1.6 -391.6 1.0122 207.548
1.6 -387.4 1.0122 205.322
1.37702 -329.504 0.942699 193.619
-2.24723 286.83 1.98948 116.613
1.48168 -354.736 0.977109 198.447
-2.24723 289.078 1.98948 117.526
1.6 -387.4 1.0122 205.322
1.37585 -327.633 0.942294 192.626
-2.47664 309.738 1.95455 115.968
1.48168 -354.736 0.977109 198.447
-2.24447 285.414 1.98993 116.156
1.6 -387.4 1.0122 205.322
1.37585 -327.633 0.942294 192.626
-2.04903 267.673 2.02483 117.399
1.48301 -358.179 0.977523 200.25
-2.24447 285.414 1.98993 116.156
1.6 -387.4 1.0122 205.322
1.6 -391.6 1.0122 207.548
1.37702 -329.504 0.942699 193.619
-2.04903 267.673 2.02483 117.399
-2.472 305.032 1.9552 114.39
1.48168 -354.736 0.977109 198.447
1.6 -387.4 1.0122 205.322
-2.24447 285.414 1.98993 116.156
1.37702 -327.127 0.942699 192.222
1.37585 -323.881 0.942294 190.421
1.48168 -354.736 0.977109 198.447
1.6 -387.4 1.0122 205.322
-2.24723 283.583 1.98948 115.292
-2.05017 265.243 2.02461 116.281
1.37702 -324.75 0.942699 190.825
1.48168 -354.736 0.977109 198.447
1.60094 -387.064 1.01246 205.057
-2.24723 283.583 1.98948 115.292
1.37702 -327.127 0.942699 192.222
1.48168 -354.736 0.977109 198.447
1.6 -387.4 1.0122 205.322
1.37702 -324.75 0.942699 190.825
1.37585 -327.633 0.942294 192.626
1.48168 -354.736 0.977109 198.447
1.6 -387.4 1.0122 205.322
1.37585 -327.633 0.942294 192.626
1.4839 -353.86 0.977803 197.753
1.6 -384.8 1.0122 203.944
1.37702 -324.75 0.942699 190.825
-2.05251 259.356 2.02416 113.595
-2.24723 281.336 1.98948 114.379
1.4839 -353.86 0.977803 197.753
1.6 -384.8 1.0122 203.944
-2.05251 259.356 2.02416 113.595
1.37702 -324.75 0.942699 190.825
1.732 -420.224 1.04718 210.117
1.48301 -351.73 0.977523 196.644
1.6 -384.8 1.0122 203.944
-2.05017 260.142 2.02461 114.045
1.37702 -327.127 0.942699 192.222
1.48301 -351.73 0.977523 196.644
1.6 -383.2 1.0122 203.096
-2.05017 260.142 2.02461 114.045
-2.04903 257.477 2.02483 112.927
1.37702 -324.75 0.942699 190.825
1.732 -420.224 1.04718 210.117
1.48301 -351.73 0.977523 196.644
1.6 -384.8 1.0122 203.944
-2.04903 257.477 2.02483 112.927
-1.88273 244.156 2.05905 114.529
1.37702 -324.75 0.942699 190.825
1.732 -420.224 1.04718 210.117
1.48168 -350.773 0.977109 196.23
1.6 -382.2 1.0122 202.566
-2.04903 257.477 2.02483 112.927
-1.88273 244.156 2.05905 114.529
-2.24723 273.594 1.98948 111.231
1.732 -415.76 1.04718 207.885
1.37585 -323.881 0.942294 190.421
1.6 -382.2 1.0122 202.566
1.48168 -350.773 0.977109 196.23
-2.04903 257.477 2.02483 112.927
-1.88273 244.156 2.05905 114.529
1.732 -417.492 1.04718 208.751
1.732 -420.224 1.04718 210.117
1.732 -414.028 1.04718 207.019
1.37585 -323.881 0.942294 190.421
1.6 -382.2 1.0122 202.566
1.48168 -350.773 0.977109 196.23
-2.04903 257.477 2.02483 112.927
1.732 -415.76 1.04718 207.885
1.37585 -323.881 0.942294 190.421
1.6 -380.6 1.0122 201.718
1.48301 -349.247 0.977523 195.256
-2.04903 257.477 2.02483 112.927
1.732 -414.028 1.04718 207.019
1.6 -382.2 1.0122 202.566
1.48168 -350.773 0.977109 196.23
1.732 -414.028 1.04718 207.019
1.6 -382.2 1.0122 202.566
1.48301 -349.247 0.977523 195.256
1.732 -415.76 1.04718 207.885
1.732 -420.224 1.04718 210.117
1.6 -380.6 1.0122 201.718
1.48301 -349.247 0.977523 195.256
1.732 -414.028 1.04718 207.019
1.732 -417.492 1.04718 208.751
-2.05017 255.042 2.02461 111.809
1.6 -380.6 1.0122 201.718
1.48301 -349.247 0.977523 195.256
-2.05251 254.251 2.02416 111.359
-1.88072 238.251 2.05949 111.852
1.732 -415.76 1.04718 207.885
1.6 -380.6 1.0122 201.718
1.48301 -349.247 0.977523 195.256
-2.05251 254.251 2.02416 111.359
1.732 -414.028 1.04718 207.019
1.732 -417.492 1.04718 208.751
1.6 -380.6 1.0122 201.718
1.48301 -349.247 0.977523 195.256
-2.05251 254.251 2.02416 111.359
1.732 -417.492 1.04718 208.751
1.732 -414.028 1.04718 207.019
1.6 -380.6 1.0122 201.718
1.48301 -349.247 0.977523 195.256
-1.88072 237.251 2.05949 111.383
1.732 -417.492 1.04718 208.751
1.6 -380.6 1.0122 201.718
-1.88072 237.251 2.05949 111.383
1.48301 -349.247 0.977523 195.256
-2.04903 252.379 2.02483 110.691
1.732 -415.76 1.04718 207.885
-1.732 225.736 2.09441 112.87
1.37585 -344.639 0.942294 202.625
1.6 -380.6 1.0122 201.718
1.48301 -347.764 0.977523 194.427
-1.88072 237.251 2.05949 111.383
1.732 -414.028 1.04718 207.019
-1.732 226.736 2.09441 113.37
1.6 -380.6 1.0122 201.718
1.48301 -347.764 0.977523 194.427
-1.88072 237.251 2.05949 111.383
1.732 -413.028 1.04718 206.519
1.6 -380.6 1.0122 201.718
1.48301 -347.764 0.977523 194.427
1.732 -414.028 1.04718 207.019
-1.88072 237.251 2.05949 111.383
1.6 -380.6 1.0122 201.718
1.6 -378 1.0122 200.34
1.48301 -347.764 0.977523 194.427
1.732 -413.028 1.04718 206.519
1.6 -378 1.0122 200.34
1.732 -413.028 1.04718 206.519
1.48301 -347.764 0.977523 194.427
1.3767 -342.902 0.942588 201.522
1.6 -378 1.0122 200.34
1.6 -380.6 1.0122 201.718
1.732 -414.028 1.04718 207.019
1.48301 -347.764 0.977523 194.427
-2.04903 252.379 2.02483 110.691
1.88072 -449.755 1.0821 211.147
1.6 -378 1.0122 200.34
1.732 -413.028 1.04718 206.519
-1.88072 235.371 2.05949 110.5
1.48301 -345.281 0.977523 193.039
1.48301 -347.764 0.977523 194.427
1.88072 -449.755 1.0821 211.147
1.6 -378 1.0122 200.34
1.732 -413.028 1.04718 206.519
-1.88072 237.251 2.05949 111.383
1.48168 -345.81 0.977109 193.453
1.88072 -449.755 1.0821 211.147
1.6 -378 1.0122 200.34
1.732 -413.028 1.04718 206.519
-1.88072 237.251 2.05949 111.383
-2.05017 249.942 2.02461 109.573
1.48168 -345.81 0.977109 193.453
1.48301 -342.798 0.977523 191.651
1.88072 -447.874 1.0821 210.264
1.6 -378 1.0122 200.34
1.732 -413.028 1.04718 206.519
-1.88072 237.251 2.05949 111.383
-2.04903 247.281 2.02483 108.455
-1.732 224.004 2.09441 112.004
1.88072 -449.755 1.0821 211.147
1.48301 -347.764 0.977523 194.427
1.6 -378 1.0122 200.34
1.732 -414.028 1.04718 207.019
-1.88072 237.251 2.05949 111.383
-1.732 224.004 2.09441 112.004
-2.04903 247.281 2.02483 108.455
1.88072 -449.755 1.0821 211.147
1.48301 -347.764 0.977523 194.427
1.48301 -345.281 0.977523 193.039
1.88072 -454.517 1.0821 213.383
1.732 -414.028 1.04718 207.019
1.6 -378 1.0122 200.34
-1.88072 235.371 2.05949 110.5
1.87966 -451.936 1.08187 212.265
1.48168 -345.81 0.977109 193.453
-1.732 224.004 2.09441 112.004
1.732 -414.028 1.04718 207.019
1.6 -378 1.0122 200.34
-1.88072 235.371 2.05949 110.5
1.87966 -451.936 1.08187 212.265
1.48168 -345.81 0.977109 193.453
1.732 -414.028 1.04718 207.019
1.6 -378 1.0122 200.34
1.88072 -452.636 1.0821 212.5
-1.88072 235.371 2.05949 110.5
1.48168 -345.81 0.977109 193.453
1.732 -415.76 1.04718 207.885
1.6 -380.6 1.0122 201.718
1.88072 -454.517 1.0821 213.383
1.88273 -458.719 1.08255 215.177
1.732 -417.492 1.04718 208.751
1.6 -382.2 1.0122 202.566
1.88072 -457.397 1.0821 214.735
-1.88072 235.371 2.05949 110.5
1.732 -417.492 1.04718 208.751
1.6 -380.6 1.0122 201.718
1.88072 -457.397 1.0821 214.735
-1.732 219.54 2.09441 109.772
1.732 -417.492 1.04718 208.751
1.88072 -457.397 1.0821 214.735
1.6 -382.2 1.0122 202.566
-1.732 219.54 2.09441 109.772
1.732 -417.492 1.04718 208.751
1.88072 -457.397 1.0821 214.735
-1.732 221.272 2.09441 110.638
1.6 -380.6 1.0122 201.718
2.05251 -500.345 1.11743 219.146
-2.05137 246.483 2.02438 108.006
1.732 -420.224 1.04718 210.117
-1.732 219.54 2.09441 109.772
1.88072 -459.278 1.0821 215.618
1.6 -382.2 1.0122 202.566
-2.04903 242.182 2.02483 106.219
2.04903 -501.184 1.11677 219.815
1.732 -420.224 1.04718 210.117
-1.732 219.54 2.09441 109.772
1.88273 -458.719 1.08255 215.177
1.6 -382.2 1.0122 202.566
-1.88072 232.49 2.05949 109.147
1.6 -384.8 1.0122 203.944
1.732 -420.224 1.04718 210.117
1.88273 -458.719 1.08255 215.177
-1.732 221.272 2.09441 110.638
1.6 -382.2 1.0122 202.566
-1.6 211 2.1294 111.83
-1.88072 232.49 2.05949 109.147
1.6 -384.8 1.0122 203.944
2.04903 -501.184 1.11677 219.815
1.732 -420.224 1.04718 210.117
1.88072 -459.278 1.0821 215.618
-1.732 221.272 2.09441 110.638
1.6 -382.2 1.0122 202.566
1.6 -384.8 1.0122 203.944
2.04903 -501.184 1.11677 219.815
1.88072 -459.278 1.0821 215.618
1.732 -420.224 1.04718 210.117
-1.732 221.272 2.09441 110.638
1.6 -382.2 1.0122 202.566
2.05017 -503.959 1.11699 220.933
1.88072 -459.278 1.0821 215.618
1.732 -420.224 1.04718 210.117
1.6 -382.2 1.0122 202.566
2.05017 -503.959 1.11699 220.933
-1.732 222.272 2.09441 111.138
1.88072 -462.159 1.0821 216.971
1.732 -420.224 1.04718 210.117
2.05017 -506.009 1.11699 221.831
1.6 -382.2 1.0122 202.566
1.6 -384.8 1.0122 203.944
1.88072 -459.278 1.0821 215.618
1.732 -420.224 1.04718 210.117
2.05017 -506.009 1.11699 221.831
-1.6 211 2.1294 111.83
-1.732 222.272 2.09441 111.138
-1.88072 238.251 2.05949 111.852
1.6 -380.6 1.0122 201.718
-1.60094 208.989 2.12913 110.717
1.88072 -462.159 1.0821 216.971
1.732 -420.224 1.04718 210.117
2.05017 -506.009 1.11699 221.831
-1.60094 208.989 2.12913 110.717
2.05017 -509.059 1.11699 223.169
1.88072 -459.278 1.0821 215.618
1.732 -420.224 1.04718 210.117
-1.6 211 2.1294 111.83
2.05017 -506.009 1.11699 221.831
-1.732 221.272 2.09441 110.638
1.6 -384.8 1.0122 203.944
1.88072 -459.278 1.0821 215.618
1.732 -420.224 1.04718 210.117
-1.6 211 2.1294 111.83
2.05017 -503.959 1.11699 220.933
-1.88072 235.371 2.05949 110.5
1.88072 -462.159 1.0821 216.971
-1.6 211 2.1294 111.83
1.732 -420.224 1.04718 210.117
-1.732 222.272 2.09441 111.138
2.05137 -507.774 1.11722 222.5
-1.87966 232.887 2.05972 109.382
1.6 -384.8 1.0122 203.944
2.05017 -511.109 1.11699 224.067
1.88072 -464.039 1.0821 217.854
-1.6 211 2.1294 111.83
1.732 -422.956 1.04718 211.483
2.05017 -509.059 1.11699 223.169
-1.88072 232.49 2.05949 109.147
1.6 -384.8 1.0122 203.944
1.88072 -459.278 1.0821 215.618
-1.6 211 2.1294 111.83
1.732 -420.224 1.04718 210.117
2.05017 -506.009 1.11699 221.831
1.6 -382.2 1.0122 202.566
1.88072 -464.039 1.0821 217.854
2.05137 -507.774 1.11722 222.5
1.732 -422.956 1.04718 211.483
-1.6 209.4 2.1294 110.982
2.24447 -557.106 1.15166 226.727
1.6 -384.8 1.0122 203.944
1.87966 -464.334 1.08187 218.088
1.732 -424.688 1.04718 212.349
2.05017 -511.109 1.11699 224.067
-1.60094 208.989 2.12913 110.717
2.24723 -561.048 1.15211 228.097
1.6 -384.8 1.0122 203.944
1.88072 -464.039 1.0821 217.854
1.732 -422.956 1.04718 211.483
2.05017 -509.059 1.11699 223.169
2.24723 -561.048 1.15211 228.097
1.88072 -466.92 1.0821 219.206
2.05137 -512.877 1.11722 224.736
1.732 -424.688 1.04718 212.349
2.24447 -562.595 1.15166 228.961
-1.6 205.2 2.1294 108.756
1.88072 -468.801 1.0821 220.089
2.05017 -514.16 1.11699 225.405
1.732 -424.688 1.04718 212.349
2.24723 -564.295 1.15211 229.418
-1.6 205.2 2.1294 108.756
-1.732 219.54 2.09441 109.772
1.88072 -468.801 1.0821 220.089
2.05017 -514.16 1.11699 225.405
1.732 -424.688 1.04718 212.349
-1.6 205.2 2.1294 108.756
-1.732 219.54 2.09441 109.772
2.24723 -566.542 1.15211 230.331
1.88072 -471.682 1.0821 221.441
2.04903 -518.527 1.11677 227.421
-1.6 202.6 2.1294 107.378
1.732 -429.152 1.04718 214.581
2.2457 -567.843 1.15186 230.991
2.04903 -518.527 1.11677 227.421
1.88072 -471.682 1.0821 221.441
-1.6 202.6 2.1294 107.378
1.732 -429.152 1.04718 214.581
2.24447 -570.328 1.15166 232.108
1.88072 -471.682 1.0821 221.441
2.04903 -518.527 1.11677 227.421
-1.6 202.6 2.1294 107.378
-1.732 212.344 2.09441 106.174
2.24447 -570.328 1.15166 232.108
1.732 -427.42 1.04718 213.715
2.05251 -520.765 1.11743 228.09
1.88072 -473.562 1.0821 222.324
-1.6 202.6 2.1294 107.378
-1.732 210.612 2.09441 105.308
2.24723 -572.037 1.15211 232.565
1.732 -430.152 1.04718 215.081
2.04903 -518.527 1.11677 227.421
1.88072 -471.682 1.0821 221.441
-1.6 204.2 2.1294 108.226
2.24723 -572.037 1.15211 232.565
1.732 -429.152 1.04718 214.581
-1.732 210.612 2.09441 105.308
2.04903 -518.527 1.11677 227.421
1.88072 -471.682 1.0821 221.441
2.24723 -572.037 1.15211 232.565
-1.6 202.6 2.1294 107.378
-1.48168 192.61 2.16448 107.75
1.732 -429.152 1.04718 214.581
2.05251 -520.765 1.11743 228.09
1.88072 -473.562 1.0821 222.324
2.24846 -575.047 1.15232 233.682
-1.6 204.2 2.1294 108.226
1.732 -429.152 1.04718 214.581
2.04903 -521.576 1.11677 228.759
1.88072 -473.562 1.0821 222.324
2.24846 -575.047 1.15232 233.682
2.4753 -634.804 1.18685 237.784
1.732 -429.152 1.04718 214.581
2.04903 -518.527 1.11677 227.421
2.24723 -572.037 1.15211 232.565
1.88072 -471.682 1.0821 221.441
-1.48301 191.987 2.16407 107.336
-1.37585 181.323 2.1993 106.606
-1.6 205.2 2.1294 108.756
2.05251 -520.765 1.11743 228.09
2.24846 -575.047 1.15232 233.682
1.88072 -471.682 1.0821 221.441
-1.48168 192.61 2.16448 107.75
-1.37585 182.699 2.1993 107.415
2.4753 -634.804 1.18685 237.784
2.04903 -518.527 1.11677 227.421
2.24723 -572.037 1.15211 232.565
1.88072 -469.801 1.0821 220.558
-1.48301 195.953 2.16407 109.553
-1.37585 185.075 2.1993 108.812
2.4753 -632.328 1.18685 236.857
2.04903 -518.527 1.11677 227.421
2.24846 -575.047 1.15232 233.682
-1.48301 195.953 2.16407 109.553
1.88072 -471.682 1.0821 221.441
2.4753 -634.804 1.18685 237.784
2.04903 -518.527 1.11677 227.421
-1.48168 197.574 2.16448 110.527
2.24723 -572.037 1.15211 232.565
-1.6 205.2 2.1294 108.756
1.88072 -469.801 1.0821 220.558
2.4753 -632.328 1.18685 236.857
2.04903 -518.527 1.11677 227.421
2.24723 -572.037 1.15211 232.565
-1.48301 198.436 2.16407 110.941
1.88072 -469.801 1.0821 220.558
-1.6 205.2 2.1294 108.756
2.4753 -632.328 1.18685 236.857
2.04903 -521.576 1.11677 228.759
-1.48168 197.574 2.16448 110.527
2.24447 -575.817 1.15166 234.342
1.88072 -471.682 1.0821 221.441
-1.6 204.2 2.1294 108.226
2.4753 -634.804 1.18685 237.784
2.05251 -520.765 1.11743 228.09
2.24846 -575.047 1.15232 233.682
-1.48301 198.436 2.16407 110.941
1.88072 -471.682 1.0821 221.441
-1.6 205.2 2.1294 108.756
2.4753 -634.804 1.18685 237.784
2.04903 -521.576 1.11677 228.759
2.24447 -575.817 1.15166 234.342
-1.48168 197.574 2.16448 110.527
1.88072 -473.562 1.0821 222.324
2.472 -635.312 1.18639 238.247
2.04903 -521.576 1.11677 228.759
2.24447 -575.817 1.15166 234.342
1.88072 -473.562 1.0821 222.324
-1.48168 197.574 2.16448 110.527
2.04903 -523.625 1.11677 229.657
2.24447 -575.817 1.15166 234.342
1.88072 -473.562 1.0821 222.324
2.05251 -525.87 1.11743 230.326
1.88072 -476.443 1.0821 223.677
2.24846 -580.544 1.15232 235.916
-1.37702 183.489 2.19889 107.82
-1.48301 195.953 2.16407 109.553
-1.60094 208.989 2.12913 110.717
2.04903 -526.674 1.11677 230.994
1.87966 -478.612 1.08187 224.794
2.24846 -580.544 1.15232 235.916
-1.48301 195.953 2.16407 109.553
-1.60094 208.989 2.12913 110.717
2.05251 -525.87 1.11743 230.326
1.88072 -476.443 1.0821 223.677
2.24447 -578.061 1.15166 235.256
-1.48301 195.953 2.16407 109.553
-1.37702 188.243 2.19889 110.613
2.05251 -525.87 1.11743 230.326
1.88072 -476.443 1.0821 223.677
-1.37702 188.243 2.19889 110.613
2.24846 -580.544 1.15232 235.916
2.04903 -526.674 1.11677 230.994
1.87966 -478.612 1.08187 224.794
-1.48301 195.953 2.16407 109.553
-1.6 205.2 2.1294 108.756
2.24846 -580.544 1.15232 235.916
2.04903 -526.674 1.11677 230.994
-1.48301 198.436 2.16407 110.941
1.87966 -478.612 1.08187 224.794
2.24846 -580.544 1.15232 235.916
2.04903 -526.674 1.11677 230.994
1.87966 -478.612 1.08187 224.794
-1.48301 198.436 2.16407 110.941
2.24846 -580.544 1.15232 235.916
-1.6 205.2 2.1294 108.756
2.04903 -526.674 1.11677 230.994
1.87966 -478.612 1.08187 224.794
-1.48301 200.919 2.16407 112.33
2.24846 -580.544 1.15232 235.916
2.4753 -640.754 1.18685 240.013
1.732 -434.616 1.04718 217.313
-1.6 206.8 2.1294 109.604
2.05251 -525.87 1.11743 230.326
1.88072 -476.443 1.0821 223.677
2.24846 -580.544 1.15232 235.916
-1.48168 201.537 2.16448 112.744
2.4753 -640.754 1.18685 240.013
2.05251 -525.87 1.11743 230.326
2.24846 -580.544 1.15232 235.916
1.88072 -476.443 1.0821 223.677
2.4753 -640.754 1.18685 240.013
-1.48168 201.537 2.16448 112.744
1.732 -433.616 1.04718 216.813
2.04903 -526.674 1.11677 230.994
2.24846 -580.544 1.15232 235.916
1.88072 -476.443 1.0821 223.677
2.4753 -643.23 1.18685 240.94
2.04903 -526.674 1.11677 230.994
2.24723 -583.026 1.15211 237.033
1.87966 -478.612 1.08187 224.794
2.4753 -643.23 1.18685 240.94
-1.37702 190.62 2.19889 112.01
-1.4839 202.987 2.16379 113.438
1.732 -433.616 1.04718 216.813
2.05251 -525.87 1.11743 230.326
2.24846 -580.544 1.15232 235.916
1.88072 -476.443 1.0821 223.677
-1.48301 204.885 2.16407 114.547
-1.37585 193.578 2.1993 113.811
2.4753 -643.23 1.18685 240.94
2.04903 -526.674 1.11677 230.994
2.24723 -583.026 1.15211 237.033
-1.37702 194.374 2.19889 114.216
1.88072 -476.443 1.0821 223.677
2.4753 -643.23 1.18685 240.94
2.04903 -526.674 1.11677 230.994
2.24723 -583.026 1.15211 237.033
-1.37702 194.374 2.19889 114.216
-1.4839 202.987 2.16379 113.438
1.87966 -478.612 1.08187 224.794
2.47333 -644.527 1.18658 241.591
2.04903 -526.674 1.11677 230.994
-1.48168 205.5 2.16448 114.961
2.24447 -583.55 1.15166 237.489
-1.6 213.6 2.1294 113.208
1.87966 -478.612 1.08187 224.794
1.88072 -481.204 1.0821 225.912
2.04903 -528.723 1.11677 231.893
-1.48301 207.368 2.16407 115.935
-1.6 216.2 2.1294 114.586
2.24447 -583.55 1.15166 237.489
1.88072 -481.204 1.0821 225.912
2.04903 -528.723 1.11677 231.893
-1.48301 207.368 2.16407 115.935
2.24447 -583.55 1.15166 237.489
1.88072 -481.204 1.0821 225.912
-1.6 216.2 2.1294 114.586
2.05017 -531.511 1.11699 233.011
-1.48301 208.852 2.16407 116.764
1.88072 -481.204 1.0821 225.912
2.2457 -586.563 1.15186 238.606
-1.6 216.2 2.1294 114.586
2.05017 -531.511 1.11699 233.011
1.88072 -481.204 1.0821 225.912
-1.48301 208.852 2.16407 116.764
2.24447 -583.55 1.15166 237.489
2.05017 -531.511 1.11699 233.011
1.88072 -484.085 1.0821 227.264
-1.48301 208.852 2.16407 116.764
2.24447 -583.55 1.15166 237.489
2.05137 -533.288 1.11722 233.68
1.88072 -484.085 1.0821 227.264
2.2457 -586.563 1.15186 238.606
1.732 -440.812 1.04718 220.411
1.732 -443.544 1.04718 221.777
2.05137 -533.288 1.11722 233.68
1.88072 -485.966 1.0821 228.147
2.2457 -586.563 1.15186 238.606
1.732 -440.812 1.04718 220.411
-1.48168 210.464 2.16448 117.738
-1.37585 197.33 2.1993 116.017
1.88072 -485.966 1.0821 228.147
2.05137 -533.288 1.11722 233.68
1.732 -440.812 1.04718 220.411
-1.48168 210.464 2.16448 117.738
2.2457 -586.563 1.15186 238.606
-1.37702 199.128 2.19889 117.009
1.88072 -485.966 1.0821 228.147
2.05017 -534.561 1.11699 234.348
-1.48168 210.464 2.16448 117.738
1.732 -440.812 1.04718 220.411
2.2457 -586.563 1.15186 238.606
1.88072 -485.966 1.0821 228.147
2.05017 -534.561 1.11699 234.348
-1.48301 211.335 2.16407 118.152
-1.6 222 2.1294 117.66
1.732 -440.812 1.04718 220.411
2.2457 -586.563 1.15186 238.606
1.88072 -485.966 1.0821 228.147
-1.48301 213.818 2.16407 119.541
2.05137 -533.288 1.11722 233.68
-1.6 222 2.1294 117.66
1.732 -440.812 1.04718 220.411
2.2457 -586.563 1.15186 238.606
1.88072 -485.966 1.0821 228.147
-1.48301 213.818 2.16407 119.541
2.05017 -534.561 1.11699 234.348
-1.6 222 2.1294 117.66
1.732 -440.812 1.04718 220.411
-1.732 232.932 2.09441 116.469
2.2457 -586.563 1.15186 238.606
1.88273 -487.311 1.08255 228.589
-1.48301 213.818 2.16407 119.541
2.05017 -534.561 1.11699 234.348
-1.6 222 2.1294 117.66
1.732 -443.544 1.04718 221.777
-1.732 232.932 2.09441 116.469
2.2457 -586.563 1.15186 238.606
1.88072 -485.966 1.0821 228.147
2.05137 -533.288 1.11722 233.68
-1.48168 214.427 2.16448 119.955
1.732 -440.812 1.04718 220.411
2.2457 -586.563 1.15186 238.606
-1.6 222 2.1294 117.66
1.88072 -485.966 1.0821 228.147
2.05017 -534.561 1.11699 234.348
-1.48168 214.427 2.16448 119.955
1.732 -440.812 1.04718 220.411
2.2457 -586.563 1.15186 238.606
1.88072 -485.966 1.0821 228.147
2.05017 -534.561 1.11699 234.348
1.732 -440.812 1.04718 220.411
-1.48168 214.427 2.16448 119.955
2.2457 -586.563 1.15186 238.606
1.88072 -485.966 1.0821 228.147
2.05017 -534.561 1.11699 234.348
1.732 -440.812 1.04718 220.411
2.2457 -586.563 1.15186 238.606
1.88072 -484.085 1.0821 227.264
2.05137 -533.288 1.11722 233.68
1.732 -440.812 1.04718 220.411
2.24447 -583.55 1.15166 237.489
-1.60151 228.155 2.12897 120.84
1.88072 -484.085 1.0821 227.264
2.05017 -531.511 1.11699 233.011
1.732 -440.812 1.04718 220.411
2.24447 -583.55 1.15166 237.489
-1.48301 216.301 2.16407 120.929
-1.37702 202.883 2.19889 119.215
1.88072 -484.085 1.0821 227.264
2.05017 -531.511 1.11699 233.011
-1.48301 216.301 2.16407 120.929
1.732 -440.812 1.04718 220.411
2.24447 -583.55 1.15166 237.489
1.88072 -481.204 1.0821 225.912
-1.48301 216.301 2.16407 120.929
2.05017 -531.511 1.11699 233.011
1.732 -439.08 1.04718 219.545
2.24723 -583.026 1.15211 237.033
1.88072 -481.204 1.0821 225.912
-1.48301 217.784 2.16407 121.758
2.04903 -528.723 1.11677 231.893
-1.60151 228.155 2.12897 120.84
1.732 -436.348 1.04718 218.179
2.24846 -580.544 1.15232 235.916
-1.732 240.128 2.09441 120.067
1.88072 -481.204 1.0821 225.912
-1.48301 217.784 2.16407 121.758
2.04903 -528.723 1.11677 231.893
1.732 -436.348 1.04718 218.179
-1.732 238.396 2.09441 119.201
2.24846 -580.544 1.15232 235.916
1.87966 -478.612 1.08187 224.794
2.05251 -525.87 1.11743 230.326
-1.48301 217.784 2.16407 121.758
2.24447 -578.061 1.15166 235.256
1.732 -433.616 1.04718 216.813
-1.732 238.396 2.09441 119.201
2.05251 -525.87 1.11743 230.326
1.88072 -476.443 1.0821 223.677
-1.48301 216.301 2.16407 120.929
1.732 -433.616 1.04718 216.813
2.24447 -575.817 1.15166 234.342
-1.6 224.6 2.1294 119.038
1.88072 -476.443 1.0821 223.677
2.04903 -521.576 1.11677 228.759
-1.48301 216.301 2.16407 120.929
2.24846 -575.047 1.15232 233.682
1.732 -431.884 1.04718 215.947
2.04903 -521.576 1.11677 228.759
1.88072 -476.443 1.0821 223.677
2.24846 -575.047 1.15232 233.682
1.732 -430.152 1.04718 215.081
-1.48168 214.427 2.16448 119.955
2.04903 -521.576 1.11677 228.759
1.88072 -473.562 1.0821 222.324
2.24846 -575.047 1.15232 233.682
1.732 -430.152 1.04718 215.081
2.4753 -634.804 1.18685 237.784
2.04903 -518.527 1.11677 227.421
1.88072 -471.682 1.0821 221.441
2.24723 -572.037 1.15211 232.565
1.732 -427.42 1.04718 213.715
2.4753 -632.328 1.18685 236.857
-1.6 224.6 2.1294 119.038
2.05251 -520.765 1.11743 228.09
1.88072 -471.682 1.0821 221.441
2.24723 -572.037 1.15211 232.565
-1.6 222 2.1294 117.66
-1.48301 208.852 2.16407 116.764
-1.37585 197.33 2.1993 116.017
2.4753 -632.328 1.18685 236.857
1.732 -427.42 1.04718 213.715
2.04903 -518.527 1.11677 227.421
1.88072 -469.801 1.0821 220.558
2.24723 -572.037 1.15211 232.565
-1.48301 208.852 2.16407 116.764
-1.6 222 2.1294 117.66
2.4753 -632.328 1.18685 236.857
2.04903 -518.527 1.11677 227.421
1.88072 -469.801 1.0821 220.558
2.24723 -572.037 1.15211 232.565
-1.48301 207.368 2.16407 115.935
2.4753 -632.328 1.18685 236.857
1.732 -427.42 1.04718 213.715
2.04903 -518.527 1.11677 227.421
-1.48168 205.5 2.16448 114.961
-1.6 216.2 2.1294 114.586
2.24447 -570.328 1.15166 232.108
1.88072 -468.801 1.0821 220.089
2.4753 -632.328 1.18685 236.857
2.05017 -516.21 1.11699 226.303
-1.48168 205.5 2.16448 114.961
-1.6 213.6 2.1294 113.208
2.24447 -570.328 1.15166 232.108
1.88072 -468.801 1.0821 220.089
2.4753 -632.328 1.18685 236.857
2.05017 -516.21 1.11699 226.303
-1.4839 202.987 2.16379 113.438
2.24447 -570.328 1.15166 232.108
-1.6 211 2.1294 111.83
1.88072 -468.801 1.0821 220.089
2.4753 -632.328 1.18685 236.857
-1.732 222.272 2.09441 111.138
1.6 -438.2 1.0122 232.246
2.05017 -514.16 1.11699 225.405
2.24447 -570.328 1.15166 232.108
-1.4839 202.987 2.16379 113.438
2.47664 -629.645 1.18704 235.742
-1.6 211 2.1294 111.83
1.88072 -466.92 1.0821 219.206
-1.732 222.272 2.09441 111.138
2.74854 -703.17 1.22185 240.416
2.2457 -567.843 1.15186 230.991
2.05017 -514.16 1.11699 225.405
-1.48168 201.537 2.16448 112.744
2.47664 -629.645 1.18704 235.742
1.87966 -464.334 1.08187 218.088
2.74854 -703.17 1.22185 240.416
-1.60094 208.989 2.12913 110.717
2.2457 -567.843 1.15186 230.991
2.47664 -629.645 1.18704 235.742
2.05137 -512.877 1.11722 224.736
-1.48301 200.919 2.16407 112.33
2.74854 -703.17 1.22185 240.416
1.87966 -464.334 1.08187 218.088
2.24723 -566.542 1.15211 230.331
2.472 -626.896 1.18639 235.091
2.05017 -511.109 1.11699 224.067
-1.48301 198.436 2.16407 110.941
2.74854 -700.421 1.22185 239.477
2.24723 -566.542 1.15211 230.331
2.472 -626.896 1.18639 235.091
2.05017 -511.109 1.11699 224.067
2.74854 -700.421 1.22185 239.477
2.24723 -566.542 1.15211 230.331
2.472 -626.896 1.18639 235.091
2.05017 -511.109 1.11699 224.067
2.74854 -700.421 1.22185 239.477
-1.37585 185.075 2.1993 108.812
-1.48168 197.574 2.16448 110.527
2.24723 -564.295 1.15211 229.418
2.472 -626.896 1.18639 235.091
2.05017 -509.059 1.11699 223.169
-1.48301 195.953 2.16407 109.553
-1.37585 185.075 2.1993 108.812
2.74854 -700.421 1.22185 239.477
2.24447 -562.595 1.15166 228.961
2.4753 -626.378 1.18685 234.628
-1.48301 195.953 2.16407 109.553
2.74708 -696.845 1.22168 238.366
2.05137 -507.774 1.11722 222.5
2.4753 -626.378 1.18685 234.628
2.24447 -562.595 1.15166 228.961
-1.37702 185.866 2.19889 109.216
2.74708 -694.098 1.22168 237.426
2.05137 -507.774 1.11722 222.5
2.4753 -626.378 1.18685 234.628
2.24447 -562.595 1.15166 228.961
-1.37702 185.866 2.19889 109.216
2.74708 -694.098 1.22168 237.426
-1.6 202.6 2.1294 107.378
2.4753 -620.427 1.18685 232.399
-1.37702 188.243 2.19889 110.613
2.24723 -561.048 1.15211 228.097
-1.48301 194.47 2.16407 108.724
2.74708 -694.098 1.22168 237.426
2.05017 -503.959 1.11699 220.933
-1.6 202.6 2.1294 107.378
2.4753 -620.427 1.18685 232.399
-1.37702 185.866 2.19889 109.216
2.24723 -561.048 1.15211 228.097
-1.48168 192.61 2.16448 107.75
2.74708 -694.098 1.22168 237.426
2.05017 -503.959 1.11699 220.933
2.24723 -561.048 1.15211 228.097
2.47664 -623.692 1.18704 233.513
-1.37585 185.075 2.1993 108.812
2.74708 -694.098 1.22168 237.426
2.05017 -503.959 1.11699 220.933
2.24723 -561.048 1.15211 228.097
2.47664 -623.692 1.18704 233.513
-1.37702 183.489 2.19889 107.82
2.74708 -694.098 1.22168 237.426
2.24723 -561.048 1.15211 228.097
2.47664 -623.692 1.18704 233.513
2.74708 -694.098 1.22168 237.426
-1.37702 183.489 2.19889 107.82
2.24723 -561.048 1.15211 228.097
2.4753 -620.427 1.18685 232.399
2.05017 -503.959 1.11699 220.933
2.24723 -561.048 1.15211 228.097
2.47664 -623.692 1.18704 233.513
2.05017 -506.009 1.11699 221.831
2.24723 -558.801 1.15211 227.184
2.4753 -620.427 1.18685 232.399
2.05017 -503.959 1.11699 220.933
-1.37585 181.323 2.1993 106.606
-1.48301 191.987 2.16407 107.336
2.24723 -561.048 1.15211 228.097
2.4753 -620.427 1.18685 232.399
2.05137 -507.774 1.11722 222.5
-1.48168 188.647 2.16448 105.533
-1.37585 178.947 2.1993 105.209
2.24723 -561.048 1.15211 228.097
2.4753 -620.427 1.18685 232.399
-1.37702 179.735 2.19889 105.614
-1.48301 188.021 2.16407 105.119
2.05137 -507.774 1.11722 222.5
2.24447 -557.106 1.15166 226.727
-1.37702 179.735 2.19889 105.614
-1.48301 188.021 2.16407 105.119
2.47664 -617.738 1.18704 231.284
2.05017 -503.959 1.11699 220.933
2.24447 -557.106 1.15166 226.727
-1.37702 179.735 2.19889 105.614
-1.48301 185.538 2.16407 103.73
2.47664 -617.738 1.18704 231.284
2.05017 -503.959 1.11699 220.933
-1.60151 195.132 2.12897 103.35
2.24447 -557.106 1.15166 226.727
-1.37585 178.947 2.1993 105.209
-1.48168 184.684 2.16448 103.316
2.05017 -503.959 1.11699 220.933
2.47664 -617.738 1.18704 231.284
2.24447 -553.861 1.15166 225.407
-1.37585 178.947 2.1993 105.209
2.04903 -501.184 1.11677 219.815
-1.48168 184.684 2.16448 103.316
2.4753 -614.477 1.18685 230.17
2.24723 -553.306 1.15211 224.95
2.05251 -500.345 1.11743 219.146
-1.37585 176.571 2.1993 103.812
2.4753 -612.001 1.18685 229.243
2.47664 -617.738 1.18704 231.284
-1.48168 184.684 2.16448 103.316
2.24723 -551.059 1.15211 224.036
2.05017 -498.859 1.11699 218.697
2.4753 -612.001 1.18685 229.243
-1.37585 176.571 2.1993 103.812
2.24723 -551.059 1.15211 224.036
2.05017 -498.859 1.11699 218.697
2.4753 -612.001 1.18685 229.243
-1.37702 175.981 2.19889 103.408
2.24447 -548.372 1.15166 223.173
2.47664 -609.308 1.18704 228.128
2.04903 -496.086 1.11677 217.579
2.24447 -548.372 1.15166 223.173
2.47664 -609.308 1.18704 228.128
2.04903 -496.086 1.11677 217.579
-1.37585 172.82 2.1993 101.607
2.24447 -546.128 1.15166 222.259
2.47664 -609.308 1.18704 228.128
2.05017 -493.758 1.11699 216.461
-1.37702 171.227 2.19889 100.614
2.24447 -546.128 1.15166 222.259
2.4753 -606.051 1.18685 227.014
2.04903 -493.036 1.11677 216.241
-1.37702 171.227 2.19889 100.614
2.24447 -546.128 1.15166 222.259
2.4753 -606.051 1.18685 227.014
-1.37702 171.227 2.19889 100.614
2.04903 -493.036 1.11677 216.241
2.24447 -546.128 1.15166 222.259
-1.37585 168.068 2.1993 98.8129
2.472 -604.12 1.18639 226.55
-1.48168 175.757 2.16448 98.3222
2.04903 -493.036 1.11677 216.241
2.24723 -545.565 1.15211 221.803
-1.37702 167.473 2.19889 98.4083
2.472 -604.12 1.18639 226.55
-1.48301 175.123 2.16407 97.9076
2.04903 -493.036 1.11677 216.241
2.24723 -542.317 1.15211 220.482
2.47664 -603.355 1.18704 225.899
-1.37702 167.473 2.19889 98.4083
-1.48301 172.64 2.16407 96.5194
2.05017 -488.658 1.11699 214.225
2.24447 -540.639 1.15166 220.026
2.47664 -603.355 1.18704 225.899
-1.37585 165.692 2.1993 97.416
2.05017 -488.658 1.11699 214.225
2.74708 -669.121 1.22168 228.882
2.24447 -540.639 1.15166 220.026
2.47664 -603.355 1.18704 225.899
2.74708 -669.121 1.22168 228.882
2.05137 -487.363 1.11722 213.556
-1.37702 165.096 2.19889 97.0116
2.24447 -540.639 1.15166 220.026
2.4753 -600.1 1.18685 224.785
2.05017 -485.608 1.11699 212.888
2.74708 -669.121 1.22168 228.882
2.24723 -540.07 1.15211 219.569
2.4753 -597.625 1.18685 223.858
2.05017 -485.608 1.11699 212.888
2.24723 -536.823 1.15211 218.249
2.4753 -597.625 1.18685 223.858
2.74307 -663.145 1.22121 227.131
2.05017 -485.608 1.11699 212.888
2.47333 -595.48 1.18658 223.207
2.24447 -535.15 1.15166 217.792
2.74708 -662.627 1.22168 226.661
-1.28026 152.099 2.2339 93.6271
2.04903 -480.791 1.11677 210.871
-1.19129 144.582 2.26912 92.9565
2.47333 -595.48 1.18658 223.207
2.24447 -535.15 1.15166 217.792
-1.27922 150.383 2.23429 92.6175
2.74708 -662.627 1.22168 226.661
2.04903 -480.791 1.11677 210.871
-1.37585 159.565 2.1993 93.8135
2.47333 -595.48 1.18658 223.207
2.24723 -536.823 1.15211 218.249
-1.27922 148.104 2.23429 91.2137
2.74307 -663.145 1.22121 227.131
2.47333 -595.48 1.18658 223.207
2.24447 -535.15 1.15166 217.792
-1.27922 148.104 2.23429 91.2137
2.74708 -662.627 1.22168 226.661
2.4753 -591.674 1.18685 221.629
2.24723 -531.328 1.15211 216.015
-1.27922 148.104 2.23429 91.2137
-1.37585 153.437 2.1993 90.2109
2.74854 -656.942 1.22185 224.611
2.4753 -589.199 1.18685 220.701
2.24723 -531.328 1.15211 216.015
-1.27922 148.104 2.23429 91.2137
2.74854 -656.942 1.22185 224.611
-1.37585 153.437 2.1993 90.2109
2.4753 -589.199 1.18685 220.701
2.24723 -531.328 1.15211 216.015
-1.28026 147.539 2.2339 90.8198
2.74854 -656.942 1.22185 224.611
-1.37585 151.061 2.1993 88.814
2.4753 -589.199 1.18685 220.701
2.24723 -529.081 1.15211 215.101
-1.28026 147.539 2.2339 90.8198
2.74854 -656.942 1.22185 224.611
2.47333 -587.06 1.18658 220.051
2.24723 -529.081 1.15211 215.101
-1.28026 147.539 2.2339 90.8198
2.74854 -656.942 1.22185 224.611
2.47333 -587.06 1.18658 220.051
2.24447 -527.416 1.15166 214.644
2.74307 -653.915 1.22121 223.97
-1.28026 147.539 2.2339 90.8198
2.4753 -583.248 1.18685 218.472
2.74708 -653.386 1.22168 223.5
2.24723 -523.587 1.15211 212.867
3.07767 -731.699 1.25664 226.108
2.4753 -583.248 1.18685 218.472
2.74708 -653.386 1.22168 223.5
2.24723 -523.587 1.15211 212.867
3.07767 -731.699 1.25664 226.108
-1.19129 138.008 2.26912 88.7299
2.74854 -650.444 1.22185 222.389
2.4753 -583.248 1.18685 218.472
3.07767 -731.699 1.25664 226.108
2.24723 -521.339 1.15211 211.954
-1.19222 137.475 2.26874 88.3468
2.74854 -650.444 1.22185 222.389
2.472 -577.872 1.18639 216.707
3.07767 -731.699 1.25664 226.108
-1.19129 138.008 2.26912 88.7299
2.24447 -518.683 1.15166 211.09
3.48188 -829.015 1.29112 228.843
2.74708 -646.892 1.22168 221.279
3.07767 -731.699 1.25664 226.108
-1.19129 138.008 2.26912 88.7299
2.4753 -577.298 1.18685 216.243
3.48188 -829.015 1.29112 228.843
2.74854 -650.444 1.22185 222.389
3.07767 -731.699 1.25664 226.108
-1.28026 141.698 2.2339 87.2244
2.472 -577.872 1.18639 216.707
3.49002 -833.049 1.29174 229.461
3.07767 -731.699 1.25664 226.108
2.74307 -644.686 1.22121 220.809
-1.28026 141.698 2.2339 87.2244
-1.19129 138.008 2.26912 88.7299
2.47664 -574.589 1.18704 215.129
3.48188 -829.015 1.29112 228.843
3.07929 -728.468 1.25679 225.003
2.74307 -644.686 1.22121 220.809
-1.28026 141.698 2.2339 87.2244
-1.19129 138.008 2.26912 88.7299
3.48188 -829.015 1.29112 228.843
2.47664 -574.589 1.18704 215.129
3.07767 -731.699 1.25664 226.108
2.74307 -644.686 1.22121 220.809
-1.27922 139.987 2.23429 86.2147
-1.19222 137.475 2.26874 88.3468
3.48188 -829.015 1.29112 228.843
2.47664 -574.589 1.18704 215.129
3.07929 -728.468 1.25679 225.003
2.74708 -644.145 1.22168 220.339
3.48188 -829.015 1.29112 228.843
-1.28026 141.698 2.2339 87.2244
-1.10978 133.801 2.30421 89.567
2.4753 -571.347 1.18685 214.015
-1.19129 138.008 2.26912 88.7299
2.74708 -644.145 1.22168 220.339
3.07929 -728.468 1.25679 225.003
3.48188 -829.015 1.29112 228.843
2.4753 -571.347 1.18685 214.015
-1.19222 137.475 2.26874 88.3468
3.07767 -731.699 1.25664 226.108
2.74708 -646.892 1.22168 221.279
3.48188 -829.015 1.29112 228.843
2.4753 -577.298 1.18685 216.243
3.07767 -731.699 1.25664 226.108
2.74708 -646.892 1.22168 221.279
3.48188 -829.015 1.29112 228.843
2.47664 -574.589 1.18704 215.129
-1.036 123.214 2.33852 85.5715
3.07767 -731.699 1.25664 226.108
2.74708 -646.892 1.22168 221.279
3.48188 -829.015 1.29112 228.843
-1.036 123.214 2.33852 85.5715
2.47664 -574.589 1.18704 215.129
3.07767 -731.699 1.25664 226.108
2.74708 -646.892 1.22168 221.279
3.49002 -833.049 1.29174 229.461
-1.036 123.214 2.33852 85.5715
2.4753 -577.298 1.18685 216.243
-1.11061 129.079 2.30383 86.3708
3.07767 -731.699 1.25664 226.108
2.74708 -646.892 1.22168 221.279
3.49002 -833.049 1.29174 229.461
-1.11061 129.079 2.30383 86.3708
2.4753 -577.298 1.18685 216.243
3.07767 -731.699 1.25664 226.108
2.74708 -646.892 1.22168 221.279
-1.11061 130.19 2.30383 87.114
3.49002 -833.049 1.29174 229.461
2.4753 -577.298 1.18685 216.243
3.07767 -734.777 1.25664 227.059
2.74854 -650.444 1.22185 222.389
-1.11061 130.19 2.30383 87.114
3.49002 -836.539 1.29174 230.422
-1.19207 134.176 2.2688 86.2336
2.472 -577.872 1.18639 216.707
-1.11136 132.85 2.3035 88.8608
3.07767 -734.777 1.25664 227.059
2.74854 -650.444 1.22185 222.389
3.49002 -836.539 1.29174 230.422
2.4753 -577.298 1.18685 216.243
4.01033 -962.835 1.32642 232.955
3.07767 -731.699 1.25664 226.108
-1.10978 133.801 2.30421 89.567
2.74708 -646.892 1.22168 221.279
3.49002 -836.539 1.29174 230.422
-1.19222 137.475 2.26874 88.3468
4.01033 -962.835 1.32642 232.955
3.07767 -734.777 1.25664 227.059
-1.11136 134.961 2.3035 90.2731
2.74708 -646.892 1.22168 221.279
3.49002 -836.539 1.29174 230.422
3.07767 -734.777 1.25664 227.059
2.74708 -646.892 1.22168 221.279
-1.11136 137.073 2.3035 91.6853
3.49002 -836.539 1.29174 230.422
4.01033 -966.845 1.32642 233.926
3.07767 -734.777 1.25664 227.059
3.49002 -840.029 1.29174 231.384
2.74854 -650.444 1.22185 222.389
-1.11136 137.073 2.3035 91.6853
4.01863 -970.739 1.32691 234.411
3.07767 -734.777 1.25664 227.059
3.48188 -840.46 1.29112 232.002
2.74854 -650.444 1.22185 222.389
4.01863 -970.739 1.32691 234.411
3.07929 -738.706 1.25679 228.165
3.48188 -840.46 1.29112 232.002
2.74854 -650.444 1.22185 222.389
4.00826 -970.884 1.3263 235.017
-1.19222 147.436 2.26874 94.7482
3.07767 -741.932 1.25664 229.271
3.4882 -843.613 1.2916 232.483
4.00826 -970.884 1.3263 235.017
2.74708 -653.386 1.22168 223.5
-1.19222 147.436 2.26874 94.7482
3.07767 -741.932 1.25664 229.271
3.49002 -848.009 1.29174 233.582
2.74307 -653.915 1.22121 223.97
-1.19222 147.436 2.26874 94.7482
-1.11053 139.682 2.30387 93.4692
3.07767 -741.932 1.25664 229.271
3.49002 -851.499 1.29174 234.543
-1.19222 149.628 2.26874 96.157
-1.28026 157.94 2.2339 97.2225
2.74854 -656.942 1.22185 224.611
4.01863 -983.795 1.32691 237.564
3.07929 -748.943 1.25679 231.327
3.48188 -851.906 1.29112 235.162
-1.19222 149.628 2.26874 96.157
2.74307 -663.145 1.22121 227.131
3.07929 -748.943 1.25679 231.327
-1.19129 150.156 2.26912 96.5401
3.4882 -855.078 1.2916 235.642
2.74708 -662.627 1.22168 226.661
-1.19129 154.538 2.26912 99.3578
3.07767 -752.165 1.25664 232.433
-1.28026 160.22 2.2339 98.6261
2.74854 -666.187 1.22185 227.772
3.49002 -859.479 1.29174 236.741
3.07767 -755.243 1.25664 233.384
2.74708 -669.121 1.22168 228.882
-1.28026 160.22 2.2339 98.6261
-1.19129 154.538 2.26912 99.3578
2.74708 -669.121 1.22168 228.882
3.07767 -755.243 1.25664 233.384
-1.28026 162.5 2.2339 100.03
-1.37585 165.692 2.1993 97.416
2.74708 -671.868 1.22168 229.822
-1.27922 165.338 2.23429 101.828
3.07767 -758.32 1.25664 234.335
2.47664 -603.355 1.18704 225.899
-1.37585 168.068 2.1993 98.8129
2.74854 -675.433 1.22185 230.933
-1.27922 165.338 2.23429 101.828
3.07767 -762.398 1.25664 235.595
2.472 -604.12 1.18639 226.55
2.74708 -678.363 1.22168 232.044
2.472 -604.12 1.18639 226.55
-1.28026 166.061 2.2339 102.222
2.74708 -678.363 1.22168 232.044
2.4753 -606.051 1.18685 227.014
2.47664 -609.308 1.18704 228.128
2.74708 -681.11 1.22168 232.983
-1.37702 179.735 2.19889 105.614
2.4753 -612.001 1.18685 229.243
2.74453 -682.423 1.22138 233.624
2.24447 -548.372 1.15166 223.173
-1.37585 181.323 2.1993 106.606
2.4753 -614.477 1.18685 230.17
2.74854 -684.678 1.22185 234.094
2.24723 -551.059 1.15211 224.036
-1.48168 192.61 2.16448 107.75
-1.37585 182.699 2.1993 107.415
2.4753 -614.477 1.18685 230.17
2.24723 -553.306 1.15211 224.95
-1.37585 185.075 2.1993 108.812
2.74708 -687.604 1.22168 235.205
2.472 -618.48 1.18639 231.935
2.24447 -557.106 1.15166 226.727
-1.48168 192.61 2.16448 107.75
2.4753 -620.427 1.18685 232.399
2.24723 -558.801 1.15211 227.184
-1.48301 194.47 2.16407 108.724
2.24723 -561.048 1.15211 228.097
2.47664 -623.692 1.18704 233.513
-1.48301 195.953 2.16407 109.553
-1.37702 188.243 2.19889 110.613
2.24723 -564.295 1.15211 229.418
-1.6 206.8 2.1294 109.604
2.472 -626.896 1.18639 235.091
-1.37702 190.62 2.19889 112.01
2.24723 -566.542 1.15211 230.331
-1.60094 208.989 2.12913 110.717
2.472 -626.896 1.18639 235.091
2.05137 -512.877 1.11722 224.736
-1.48301 198.436 2.16407 110.941
2.2457 -567.843 1.15186 230.991
-1.60094 208.989 2.12913 110.717
2.05017 -514.16 1.11699 225.405
2.04903 -518.527 1.11677 227.421
2.24723 -572.037 1.15211 232.565
-1.60094 208.989 2.12913 110.717
2.05251 -520.765 1.11743 228.09
2.24447 -575.817 1.15166 234.342
1.88072 -476.443 1.0821 223.677
2.04903 -521.576 1.11677 228.759
1.88072 -476.443 1.0821 223.677
2.24447 -578.061 1.15166 235.256
1.88072 -476.443 1.0821 223.677
2.05251 -525.87 1.11743 230.326
1.732 -436.348 1.04718 218.179
-1.732 224.004 2.09441 112.004
1.87966 -478.612 1.08187 224.794
1.732 -439.08 1.04718 219.545
-1.732 225.736 2.09441 112.87
2.04903 -526.674 1.11677 230.994
1.88072 -481.204 1.0821 225.912
-1.732 226.736 2.09441 113.37
1.732 -439.08 1.04718 219.545
1.6 -405.2 1.0122 214.756
2.04903 -528.723 1.11677 231.893
-1.732 228.468 2.09441 114.237
-1.88072 242.013 2.05949 113.618
1.732 -440.812 1.04718 220.411
1.88072 -481.204 1.0821 225.912
1.6 -405.2 1.0122 214.756
-1.88273 244.156 2.05905 114.529
-1.732 231.2 2.09441 115.603
1.732 -440.812 1.04718 220.411
1.6 -405.2 1.0122 214.756
-1.88273 244.156 2.05905 114.529
-1.732 231.2 2.09441 115.603
1.732 -443.544 1.04718 221.777
1.60151 -406.276 1.01262 215.18
-1.88273 244.156 2.05905 114.529
1.60094 -407.473 1.01246 215.869
-1.732 231.2 2.09441 115.603
1.48301 -375.043 0.977523 209.678
-1.6 222 2.1294 117.66
1.732 -445.276 1.04718 222.643
-1.88072 244.893 2.05949 114.971
1.60094 -407.473 1.01246 215.869
1.48301 -375.043 0.977523 209.678
-1.732 235.664 2.09441 117.835
1.48301 -375.043 0.977523 209.678
-2.05017 265.243 2.02461 116.281
1.37702 -345.52 0.942699 203.03
1.60094 -407.473 1.01246 215.869
1.48168 -376.553 0.977109 210.652
1.37585 -347.015 0.942294 204.022
1.60151 -410.479 1.01262 217.406
-2.05017 265.243 2.02461 116.281
1.37702 -347.897 0.942699 204.427
1.48301 -377.526 0.977523 211.066
1.37702 -347.897 0.942699 204.427
1.48301 -377.526 0.977523 211.066
1.28026 -321.08 0.907692 197.646
1.37702 -347.897 0.942699 204.427
1.28026 -321.08 0.907692 197.646
1.37702 -350.274 0.942699 205.823
1.27922 -323.838 0.907298 199.444
-2.24447 285.414 1.98993 116.156
1.28026 -322.361 0.907692 198.434
-2.24723 286.83 1.98948 116.613
1.37702 -350.274 0.942699 205.823
-2.24723 286.83 1.98948 116.613
1.28026 -322.361 0.907692 198.434
1.19222 -297.66 0.872856 191.288
1.37702 -350.274 0.942699 205.823
-2.24447 285.414 1.98993 116.156
-2.05251 266.514 2.02416 116.73
1.28026 -322.361 0.907692 198.434
1.19129 -298.12 0.872473 191.671
-2.24447 285.414 1.98993 116.156
-2.04903 267.673 2.02483 117.399
1.19129 -298.12 0.872473 191.671
1.27922 -323.838 0.907298 199.444
-2.24447 285.414 1.98993 116.156
1.19222 -297.66 0.872856 191.288
1.28026 -322.361 0.907692 198.434
-2.04903 267.673 2.02483 117.399
1.11061 -276.154 0.837758 184.783
-2.24447 285.414 1.98993 116.156
1.19222 -297.66 0.872856 191.288
1.11061 -275.154 0.837758 184.114
-2.04903 267.673 2.02483 117.399
1.28026 -322.361 0.907692 198.434
-2.472 305.032 1.9552 114.39
1.19129 -294.737 0.872473 189.497
1.11136 -273.645 0.838093 183.036
1.28026 -321.08 0.907692 197.646
-2.24447 285.414 1.98993 116.156
1.19129 -295.928 0.872473 190.262
1.11136 -273.645 0.838093 183.036
-2.24447 285.414 1.98993 116.156
1.28026 -322.361 0.907692 198.434
1.19129 -295.928 0.872473 190.262
1.11136 -273.645 0.838093 183.036
1.28026 -321.08 0.907692 197.646
1.19129 -294.737 0.872473 189.497
1.10978 -272.376 0.837387 182.33
1.19129 -294.737 0.872473 189.497
1.10978 -272.376 0.837387 182.33
1.19222 -293.275 0.872856 188.471
1.11136 -271.534 0.838093 181.624
1.19222 -293.275 0.872856 188.471
1.11136 -271.534 0.838093 181.624
-2.47664 309.738 1.95455 115.968
1.19129 -292.546 0.872473 188.088
1.11061 -269.822 0.837758 180.546
-2.47664 309.738 1.95455 115.968
1.03528 -250.927 0.802729 174.331
1.19222 -293.275 0.872856 188.471
1.11136 -271.534 0.838093 181.624
-2.4753 312.57 1.95474 117.082
-2.74708 336.184 1.91991 114.997
1.19222 -293.275 0.872856 188.471
1.11061 -269.822 0.837758 180.546
-2.4753 312.57 1.95474 117.082
-2.74708 336.184 1.91991 114.997
-2.24723 289.078 1.98948 117.526
1.11136 -271.534 0.838093 181.624
1.19222 -293.275 0.872856 188.471
-2.4753 312.57 1.95474 117.082
-2.24723 289.078 1.98948 117.526
-2.74708 336.184 1.91991 114.997
1.11136 -271.534 0.838093 181.624
1.19222 -293.275 0.872856 188.471
-2.74708 336.184 1.91991 114.997
-2.4753 312.57 1.95474 117.082
-2.24447 290.903 1.98993 118.39
1.19222 -293.275 0.872856 188.471
1.11061 -269.822 0.837758 180.546
-2.74708 338.931 1.91991 115.936
-2.472 313.448 1.9552 117.546
