0.900404 -150.53 0.733038 111.866
0.899798 -151.935 0.732704 112.944
-0.67491 127.32 2.54791 105.533
0.839426 -136.242 0.698323 104.35
0.488036 -69.921 0.45403 62.8371
0.487479 -69.4057 0.453581 62.3876
0.487764 -68.6696 0.453811 61.7191
0.838773 -138.537 0.69794 106.142
0.488036 -67.4329 0.45403 60.6011
0.53171 -79.0464 0.488693 69.7938
0.838773 -138.537 0.69794 106.142
0.53171 -77.5147 0.488693 68.4414
0.838773 -138.537 0.69794 106.142
-0.781091 134.271 2.47849 105.817
0.53171 -73.983 0.488693 65.3231
0.838773 -138.537 0.69794 106.142
0.577367 -85.3626 0.523611 73.9256
0.53171 -73.4513 0.488693 64.8536
0.838773 -138.537 0.69794 106.142
0.577367 -83.7852 0.523611 72.5596
0.577367 -82.7852 0.523611 71.6936
0.53171 -69.9196 0.488693 61.7353
0.839426 -138.081 0.698323 105.759
0.625 -93.25 0.558599 79.0758
0.577367 -81.2079 0.523611 70.3276
0.531144 -67.872 0.488251 59.9415
0.839426 -138.081 0.698323 105.759
0.625 -93.25 0.558599 79.0758
0.577367 -79.6305 0.523611 68.9615
0.624042 -92.3977 0.55791 78.3868
0.839426 -138.081 0.698323 105.759
0.674306 -103.367 0.593273 85.7029
0.62441 -89.4764 0.558175 75.8959
0.577367 -77.0531 0.523611 66.7295
0.839426 -138.081 0.698323 105.759
0.674306 -101.692 0.593273 84.3147
0.67491 -103.896 0.593688 86.1174
0.726205 -113.715 0.628098 92.0122
-0.726823 131.79 2.51309 106.606
0.781091 -126.147 0.663104 99.4142
-0.839426 140.92 2.44327 107.934
0.625 -89 0.558599 75.4718
0.67491 -101.221 0.593688 83.9002
0.726205 -113.715 0.628098 92.0122
-0.726823 131.79 2.51309 106.606
0.674306 -103.367 0.593273 85.7029
0.577367 -74.4758 0.523611 64.4974
0.781091 -126.147 0.663104 99.4142
0.839426 -138.081 0.698323 105.759
0.67491 -99.5458 0.593688 82.5119
0.726823 -113.248 0.628502 91.6077
0.781091 -126.147 0.663104 99.4142
0.625 -84.75 0.558599 71.8679
0.838773 -138.537 0.69794 106.142
0.67491 -98.5458 0.593688 81.683
0.726823 -113.248 0.628502 91.6077
0.781091 -126.147 0.663104 99.4142
0.625 -83.125 0.558599 70.4899
0.839426 -138.081 0.698323 105.759
0.781091 -125.147 0.663104 98.6261
0.726205 -110.989 0.628098 89.8063
0.67491 -95.196 0.593688 78.9064
0.839426 -138.081 0.698323 105.759
0.624632 -80.7991 0.558334 68.5288
0.781726 -123.904 0.663498 97.6165
0.839426 -138.081 0.698323 105.759
0.726205 -107.536 0.628098 87.0128
0.726205 -110.989 0.628098 89.8063
0.67491 -92.5211 0.593688 76.6892
0.839426 -138.081 0.698323 105.759
0.781091 -123.365 0.663104 97.2225
0.899798 -155.734 0.732704 115.768
-0.726823 131.79 2.51309 106.606
0.726823 -105.341 0.628502 85.2114
0.899798 -151.935 0.732704 112.944
0.726823 -109.795 0.628502 88.814
0.839426 -136.242 0.698323 104.35
0.781091 -121.584 0.663104 95.8188
0.899798 -151.935 0.732704 112.944
-0.726823 131.79 2.51309 106.606
0.726823 -105.341 0.628502 85.2114
0.899798 -155.734 0.732704 115.768
0.839426 -136.242 0.698323 104.35
0.781091 -121.584 0.663104 95.8188
0.899798 -151.935 0.732704 112.944
0.726823 -105.341 0.628502 85.2114
0.901077 -154.883 0.73341 115.062
-0.726823 131.79 2.51309 106.606
0.839426 -136.242 0.698323 104.35
0.781091 -121.584 0.663104 95.8188
0.899798 -151.935 0.732704 112.944
0.899798 -153.835 0.732704 114.356
0.726823 -105.341 0.628502 85.2114
0.839426 -138.081 0.698323 105.759
0.781091 -123.365 0.663104 97.2225
0.901077 -154.883 0.73341 115.062
0.901077 -152.982 0.73341 113.65
0.726823 -107.068 0.628502 86.6083
0.839426 -138.081 0.698323 105.759
0.781091 -123.365 0.663104 97.2225
0.899798 -151.935 0.732704 112.944
0.899798 -155.734 0.732704 115.768
0.726823 -105.341 0.628502 85.2114
0.839426 -136.242 0.698323 104.35
0.781091 -121.584 0.663104 95.8188
0.899798 -151.935 0.732704 112.944
0.899798 -153.835 0.732704 114.356
0.726823 -107.068 0.628502 86.6083
0.839426 -138.081 0.698323 105.759
0.781091 -123.365 0.663104 97.2225
0.901077 -152.982 0.73341 113.65
-0.781726 140.157 2.47809 110.422
0.726205 -107.536 0.628098 87.0128
0.838773 -138.537 0.69794 106.142
0.781726 -123.904 0.663498 97.6165
0.899798 -153.835 0.732704 114.356
0.726823 -107.068 0.628502 86.6083
0.839426 -139.92 0.698323 107.168
0.781091 -126.147 0.663104 99.4142
0.899798 -155.734 0.732704 115.768
0.726205 -107.536 0.628098 87.0128
0.839426 -140.92 0.698323 107.934
0.781091 -126.147 0.663104 99.4142
0.900404 -159.132 0.733038 118.258
0.726823 -114.975 0.628502 93.0046
0.726823 -109.795 0.628502 88.814
0.781091 -126.928 0.663104 100.03
0.838773 -142.214 0.69794 108.96
0.726205 -113.715 0.628098 92.0122
0.901077 -160.586 0.73341 119.299
0.726823 -109.795 0.628502 88.814
0.781091 -126.928 0.663104 100.03
0.838773 -144.053 0.69794 110.369
0.726205 -113.715 0.628098 92.0122
-0.726205 136.703 2.51349 110.613
0.781726 -129.249 0.663498 101.828
0.726823 -114.975 0.628502 93.0046
0.838878 -144.98 0.698002 111.073
-0.726205 136.703 2.51349 110.613
0.781091 -129.709 0.663104 102.222
0.726823 -115.975 0.628502 93.8135
0.838226 -147.271 0.697619 112.865
0.67491 -99.5458 0.593688 82.5119
0.674306 -103.367 0.593273 85.7029
0.781726 -129.249 0.663498 101.828
0.726823 -114.975 0.628502 93.0046
0.838226 -147.271 0.697619 112.865
0.838878 -144.98 0.698002 111.073
0.674306 -101.692 0.593273 84.3147
0.67491 -98.5458 0.593688 81.683
0.781091 -126.928 0.663104 100.03
0.726823 -113.248 0.628502 91.6077
0.6739 -100.336 0.592994 83.2061
0.838773 -144.053 0.69794 110.369
0.67491 -96.8709 0.593688 80.2947
0.839426 -139.92 0.698323 107.168
0.781091 -126.928 0.663104 100.03
0.726823 -111.522 0.628502 90.2109
0.838773 -144.053 0.69794 110.369
0.674306 -97.3438 0.593273 80.7092
0.838773 -142.214 0.69794 108.96
0.839426 -139.92 0.698323 107.168
0.781091 -126.928 0.663104 100.03
0.726823 -113.248 0.628502 91.6077
0.839426 -140.92 0.698323 107.934
0.67491 -96.8709 0.593688 80.2947
0.839426 -142.76 0.698323 109.343
0.838878 -144.98 0.698002 111.073
0.781091 -127.928 0.663104 100.818
0.726205 -113.715 0.628098 92.0122
0.838773 -144.053 0.69794 110.369
0.674306 -97.3438 0.593273 80.7092
0.839426 -146.439 0.698323 112.161
0.838773 -142.214 0.69794 108.96
0.781091 -129.709 0.663104 102.222
0.726823 -114.975 0.628502 93.0046
0.67491 -99.5458 0.593688 82.5119
0.839426 -146.439 0.698323 112.161
0.674306 -101.692 0.593273 84.3147
0.781091 -131.49 0.663104 103.625
0.725757 -116.779 0.627804 94.5119
0.6739 -100.336 0.592994 83.2061
0.839426 -146.439 0.698323 112.161
0.839426 -148.278 0.698323 113.569
0.725757 -116.779 0.627804 94.5119
0.781091 -131.49 0.663104 103.625
0.67491 -101.221 0.593688 83.9002
0.839426 -146.439 0.698323 112.161
0.839426 -148.278 0.698323 113.569
0.726205 -118.168 0.628098 95.6149
0.781091 -133.271 0.663104 105.029
0.674306 -106.041 0.593273 87.9202
0.674306 -103.367 0.593273 85.7029
0.839426 -148.278 0.698323 113.569
0.726205 -119.894 0.628098 97.0116
0.78123 -135.171 0.663191 106.519
0.67491 -107.245 0.593688 88.894
0.67491 -103.896 0.593688 86.1174
0.726205 -119.894 0.628098 97.0116
0.674306 -106.041 0.593273 87.9202
0.78123 -135.171 0.663191 106.519
0.726205 -118.168 0.628098 95.6149
0.674306 -106.041 0.593273 87.9202
0.78123 -135.171 0.663191 106.519
0.625 -93.25 0.558599 79.0758
0.726205 -118.168 0.628098 95.6149
0.674306 -105.041 0.593273 87.0911
0.78123 -135.171 0.663191 106.519
0.625 -93.25 0.558599 79.0758
0.726205 -118.168 0.628098 95.6149
0.674306 -105.041 0.593273 87.0911
0.781091 -134.271 0.663104 105.817
0.625 -91.625 0.558599 77.6978
0.625 -93.25 0.558599 79.0758
0.62441 -89.4764 0.558175 75.8959
0.726205 -118.168 0.628098 95.6149
0.67491 -103.896 0.593688 86.1174
0.781726 -132.03 0.663498 104.019
0.781091 -134.271 0.663104 105.817
0.625 -91.625 0.558599 77.6978
0.625 -89 0.558599 75.4718
0.725757 -116.779 0.627804 94.5119
0.674306 -103.367 0.593273 85.7029
0.781726 -132.03 0.663498 104.019
0 1000 1.5708 1000
0.625 -89 0.558599 75.4718
-0.900404 161.032 2.40855 119.67
0.625 -90.625 0.558599 76.8498
0.725757 -116.779 0.627804 94.5119
0.674306 -101.692 0.593273 84.3147
0.781726 -132.03 0.663498 104.019
0.781091 -129.709 0.663104 102.222
0 1000 1.5708 1000
0.726823 -115.975 0.628502 93.8135
0.781091 -129.709 0.663104 102.222
0.67491 -101.221 0.593688 83.9002
0.674306 -103.367 0.593273 85.7029
-14.3525 987.647 1.64036 68.6471
0.726823 -115.975 0.628502 93.8135
0.781091 -129.709 0.663104 102.222
0.674306 -103.367 0.593273 85.7029
0.6739 -100.336 0.592994 83.2061
0.726823 -115.975 0.628502 93.8135
0.674306 -103.367 0.593273 85.7029
0.781091 -131.49 0.663104 103.625
0.726823 -115.975 0.628502 93.8135
0.674306 -103.367 0.593273 85.7029
0.781091 -129.709 0.663104 102.222
0.781726 -132.03 0.663498 104.019
0.726823 -115.975 0.628502 93.8135
0.674306 -103.367 0.593273 85.7029
0.781726 -132.03 0.663498 104.019
-0.839426 148.278 2.44327 113.569
0.625 -90.625 0.558599 76.8498
0.726823 -114.975 0.628502 93.0046
0.674306 -101.692 0.593273 84.3147
0.781091 -127.928 0.663104 100.818
0.781091 -129.709 0.663104 102.222
0.781726 -132.03 0.663498 104.019
0.625 -84.75 0.558599 71.8679
0.625 -89 0.558599 75.4718
0.726205 -113.715 0.628098 92.0122
0.6739 -100.336 0.592994 83.2061
0.781091 -129.709 0.663104 102.222
0.781091 -127.928 0.663104 100.818
0.625 -84.75 0.558599 71.8679
0.726823 -113.248 0.628502 91.6077
0.781091 -126.928 0.663104 100.03
0.6739 -100.336 0.592994 83.2061
0.674306 -97.3438 0.593273 80.7092
0.726823 -111.522 0.628502 90.2109
0.781091 -126.147 0.663104 99.4142
0.67491 -96.8709 0.593688 80.2947
0.67491 -98.5458 0.593688 81.683
0.6739 -100.336 0.592994 83.2061
0.726205 -110.989 0.628098 89.8063
0.781091 -126.147 0.663104 99.4142
0.67491 -95.196 0.593688 78.9064
0.67491 -99.5458 0.593688 82.5119
-0.839426 148.278 2.44327 113.569
0.726205 -110.989 0.628098 89.8063
0.781091 -125.147 0.663104 98.6261
0.67491 -99.5458 0.593688 82.5119
0.67491 -95.196 0.593688 78.9064
0.839426 -140.92 0.698323 107.934
0.726205 -110.989 0.628098 89.8063
0.781091 -126.147 0.663104 99.4142
0.67491 -99.5458 0.593688 82.5119
0.67491 -95.196 0.593688 78.9064
0.839426 -140.92 0.698323 107.934
0.839426 -142.76 0.698323 109.343
0.726823 -111.522 0.628502 90.2109
0.781091 -126.147 0.663104 99.4142
0.67491 -98.5458 0.593688 81.683
0.839426 -142.76 0.698323 109.343
0.674306 -94.6695 0.593273 78.4919
0.781091 -126.147 0.663104 99.4142
0.726823 -111.522 0.628502 90.2109
0.67491 -98.5458 0.593688 81.683
0.839426 -136.242 0.698323 104.35
0.839426 -142.76 0.698323 109.343
0.781091 -126.147 0.663104 99.4142
0.726823 -111.522 0.628502 90.2109
0.839426 -138.081 0.698323 105.759
-0.781091 138.833 2.47849 109.412
0.674306 -97.3438 0.593273 80.7092
0.839426 -139.92 0.698323 107.168
0.781091 -125.147 0.663104 98.6261
0.726205 -110.989 0.628098 89.8063
0.839426 -140.92 0.698323 107.934
0.839426 -138.081 0.698323 105.759
0.67491 -95.196 0.593688 78.9064
0.781091 -125.147 0.663104 98.6261
0.726823 -113.248 0.628502 91.6077
0.726823 -109.795 0.628502 88.814
0.839426 -140.92 0.698323 107.934
0.838773 -138.537 0.69794 106.142
0.781091 -126.147 0.663104 99.4142
0.726823 -113.248 0.628502 91.6077
0.726205 -110.989 0.628098 89.8063
0.839426 -142.76 0.698323 109.343
0.838773 -138.537 0.69794 106.142
0.781091 -126.928 0.663104 100.03
0.726823 -111.522 0.628502 90.2109
0.839426 -139.92 0.698323 107.168
0.839426 -142.76 0.698323 109.343
0.781091 -129.709 0.663104 102.222
0.838773 -144.053 0.69794 110.369
-0.781091 136.052 2.47849 107.221
0.839426 -146.439 0.698323 112.161
0.726205 -113.715 0.628098 92.0122
0.725757 -116.779 0.627804 94.5119
0.781091 -129.709 0.663104 102.222
0.838773 -144.053 0.69794 110.369
0.726205 -113.715 0.628098 92.0122
-0.781091 134.271 2.47849 105.817
0.725757 -116.779 0.627804 94.5119
-0.6739 128.097 2.5486 106.227
0.781091 -129.709 0.663104 102.222
0.838878 -144.98 0.698002 111.073
0.726823 -115.975 0.628502 93.8135
0.726823 -117.702 0.628502 95.2103
0.726205 -113.715 0.628098 92.0122
0.781091 -129.709 0.663104 102.222
0.839426 -146.439 0.698323 112.161
0.838773 -144.053 0.69794 110.369
0.726823 -115.975 0.628502 93.8135
0.781091 -129.709 0.663104 102.222
0.838773 -144.053 0.69794 110.369
0.839426 -146.439 0.698323 112.161
0.726823 -114.975 0.628502 93.0046
0.726823 -117.702 0.628502 95.2103
0.781091 -129.709 0.663104 102.222
0.838878 -144.98 0.698002 111.073
0.726205 -113.715 0.628098 92.0122
0.726823 -115.975 0.628502 93.8135
-0.781726 132.03 2.47809 104.019
0.781091 -129.709 0.663104 102.222
0.838773 -144.053 0.69794 110.369
-0.781726 132.03 2.47809 104.019
0.726205 -113.715 0.628098 92.0122
0.726823 -117.702 0.628502 95.2103
0.781091 -127.928 0.663104 100.818
0.839426 -142.76 0.698323 109.343
0.726823 -113.248 0.628502 91.6077
0.726205 -110.989 0.628098 89.8063
0.781091 -126.928 0.663104 100.03
0.838773 -142.214 0.69794 108.96
0.726823 -111.522 0.628502 90.2109
0.726823 -109.795 0.628502 88.814
0.900404 -159.132 0.733038 118.258
0.781091 -127.928 0.663104 100.818
0.838773 -142.214 0.69794 108.96
0.726205 -110.989 0.628098 89.8063
0.901077 -160.586 0.73341 119.299
0.725757 -116.779 0.627804 94.5119
0.726823 -114.975 0.628502 93.0046
0.781091 -127.928 0.663104 100.818
0.839426 -142.76 0.698323 109.343
0.726823 -113.248 0.628502 91.6077
0.725757 -116.779 0.627804 94.5119
-0.726823 125.609 2.51309 101.607
0.781091 -126.928 0.663104 100.03
0.838773 -142.214 0.69794 108.96
-0.726205 124.346 2.51349 100.614
0.726823 -115.975 0.628502 93.8135
0.726205 -110.989 0.628098 89.8063
0.781091 -126.928 0.663104 100.03
0.839426 -140.92 0.698323 107.934
0.726823 -114.975 0.628502 93.0046
0.900404 -159.132 0.733038 118.258
0.726205 -110.989 0.628098 89.8063
0.781091 -126.147 0.663104 99.4142
0.839426 -139.92 0.698323 107.168
0.901077 -158.685 0.73341 117.887
0.726823 -111.522 0.628502 90.2109
0.726205 -113.715 0.628098 92.0122
0.838773 -138.537 0.69794 106.142
0.781091 -125.147 0.663104 98.6261
0.726823 -109.795 0.628502 88.814
0.901077 -154.883 0.73341 115.062
0.726205 -107.536 0.628098 87.0128
0.901077 -152.982 0.73341 113.65
0.839426 -138.081 0.698323 105.759
0.781726 -123.904 0.663498 97.6165
0.726205 -107.536 0.628098 87.0128
0.899798 -155.734 0.732704 115.768
0.899798 -151.935 0.732704 112.944
0.839426 -138.081 0.698323 105.759
0.781726 -123.904 0.663498 97.6165
0.899798 -155.734 0.732704 115.768
0.899798 -151.935 0.732704 112.944
-0.781726 132.03 2.47809 104.019
0.726823 -107.068 0.628502 86.6083
0.838773 -138.537 0.69794 106.142
0.781726 -123.904 0.663498 97.6165
0.899798 -155.734 0.732704 115.768
0.901077 -152.982 0.73341 113.65
-0.726823 128.336 2.51309 103.812
0.900404 -150.53 0.733038 111.866
0.726205 -107.536 0.628098 87.0128
-0.781091 131.49 2.47849 103.625
0.838773 -138.537 0.69794 106.142
0.781726 -123.904 0.663498 97.6165
0.781091 -126.147 0.663104 99.4142
0.899798 -155.734 0.732704 115.768
0.839426 -139.92 0.698323 107.168
0.781091 -126.147 0.663104 99.4142
0.899798 -155.734 0.732704 115.768
0.838773 -142.214 0.69794 108.96
0.781091 -127.928 0.663104 100.818
0.901077 -160.586 0.73341 119.299
0.900404 -157.231 0.733038 116.846
0.726205 -113.715 0.628098 92.0122
0.781091 -127.928 0.663104 100.818
0.839426 -142.76 0.698323 109.343
-0.726823 131.79 2.51309 106.606
0.726823 -113.248 0.628502 91.6077
0.900404 -159.132 0.733038 118.258
0.781726 -129.249 0.663498 101.828
0.839426 -142.76 0.698323 109.343
-0.726823 132.79 2.51309 107.415
0.726823 -113.248 0.628502 91.6077
0.781091 -129.709 0.663104 102.222
0.838773 -144.053 0.69794 110.369
0.726205 -113.715 0.628098 92.0122
0.781091 -129.709 0.663104 102.222
0.838773 -144.053 0.69794 110.369
0.726205 -113.715 0.628098 92.0122
0.781091 -129.709 0.663104 102.222
0.839426 -146.439 0.698323 112.161
0.726823 -114.975 0.628502 93.0046
0.726823 -117.702 0.628502 95.2103
0.781091 -131.49 0.663104 103.625
0.839426 -146.439 0.698323 112.161
0.726823 -114.975 0.628502 93.0046
0.726205 -118.168 0.628098 95.6149
-0.781091 142.395 2.47849 112.22
0.781091 -131.49 0.663104 103.625
0.838226 -147.271 0.697619 112.865
0.726823 -117.702 0.628502 95.2103
-0.781091 142.395 2.47849 112.22
0.781091 -131.49 0.663104 103.625
0.726205 -118.168 0.628098 95.6149
0.725757 -116.779 0.627804 94.5119
0.839426 -148.278 0.698323 113.569
0.781726 -132.03 0.663498 104.019
0.726205 -118.168 0.628098 95.6149
0.838226 -149.11 0.697619 114.274
0.838226 -147.271 0.697619 112.865
0.674306 -106.041 0.593273 87.9202
0.781726 -132.03 0.663498 104.019
0.726823 -117.702 0.628502 95.2103
0.838226 -149.11 0.697619 114.274
0.67491 -103.896 0.593688 86.1174
0.838773 -144.053 0.69794 110.369
0.781726 -132.03 0.663498 104.019
0.726823 -117.702 0.628502 95.2103
0.67491 -103.896 0.593688 86.1174
0.838226 -149.11 0.697619 114.274
0.726823 -117.702 0.628502 95.2103
0.781726 -132.03 0.663498 104.019
0.67491 -103.896 0.593688 86.1174
-0.781091 144.176 2.47849 113.623
0.726823 -117.702 0.628502 95.2103
0.781726 -132.03 0.663498 104.019
0.67491 -103.896 0.593688 86.1174
0.674306 -101.692 0.593273 84.3147
0.725757 -116.779 0.627804 94.5119
0.781091 -131.49 0.663104 103.625
0.674306 -103.367 0.593273 85.7029
0.725757 -116.779 0.627804 94.5119
0.781091 -131.49 0.663104 103.625
0.674306 -101.692 0.593273 84.3147
0.839426 -142.76 0.698323 109.343
0.725757 -116.779 0.627804 94.5119
0.781091 -129.709 0.663104 102.222
0.674306 -101.692 0.593273 84.3147
0.839426 -142.76 0.698323 109.343
0.725757 -116.779 0.627804 94.5119
0.781091 -131.49 0.663104 103.625
0.674306 -101.692 0.593273 84.3147
0.838773 -144.053 0.69794 110.369
0.726823 -117.702 0.628502 95.2103
0.781726 -132.03 0.663498 104.019
0.674306 -101.692 0.593273 84.3147
-0.838773 152.408 2.44365 116.77
0.838773 -144.053 0.69794 110.369
0.726823 -117.702 0.628502 95.2103
0.781726 -132.03 0.663498 104.019
0.674306 -101.692 0.593273 84.3147
0.838773 -144.053 0.69794 110.369
0.726823 -117.702 0.628502 95.2103
0.781091 -133.271 0.663104 105.029
0.674306 -101.692 0.593273 84.3147
0.674306 -106.041 0.593273 87.9202
0.67491 -103.896 0.593688 86.1174
0.726205 -118.168 0.628098 95.6149
0.781091 -133.271 0.663104 105.029
0.674306 -106.041 0.593273 87.9202
0.674306 -103.367 0.593273 85.7029
0.726205 -118.168 0.628098 95.6149
0.781091 -134.271 0.663104 105.817
0.674306 -106.041 0.593273 87.9202
0.67491 -103.896 0.593688 86.1174
0.726205 -118.168 0.628098 95.6149
0.674306 -105.041 0.593273 87.0911
0.67491 -107.245 0.593688 88.894
0.781091 -134.271 0.663104 105.817
-0.839426 151.957 2.44327 116.387
0.781726 -132.03 0.663498 104.019
0.726205 -118.168 0.628098 95.6149
0.674306 -105.041 0.593273 87.0911
0.78123 -135.171 0.663191 106.519
0.726823 -117.702 0.628502 95.2103
0.67491 -103.896 0.593688 86.1174
0.781091 -133.271 0.663104 105.029
0.62441 -95.3496 0.558175 80.8777
0.725757 -116.779 0.627804 94.5119
0.67491 -103.896 0.593688 86.1174
0.781726 -132.03 0.663498 104.019
0.725757 -116.779 0.627804 94.5119
0.67491 -103.896 0.593688 86.1174
0.674306 -101.692 0.593273 84.3147
0.781726 -132.03 0.663498 104.019
0.725757 -116.779 0.627804 94.5119
0.67491 -103.896 0.593688 86.1174
0.781726 -132.03 0.663498 104.019
-0.838773 152.408 2.44365 116.77
0.625 -93.25 0.558599 79.0758
-0.901077 158.685 2.40818 117.887
0.725757 -116.779 0.627804 94.5119
0.67491 -103.896 0.593688 86.1174
0.674306 -101.692 0.593273 84.3147
0.781091 -133.271 0.663104 105.029
0.726823 -115.975 0.628502 93.8135
0.674306 -101.692 0.593273 84.3147
0.781091 -131.49 0.663104 103.625
0.726823 -115.975 0.628502 93.8135
0.674306 -101.692 0.593273 84.3147
0.781091 -131.49 0.663104 103.625
0.726823 -115.975 0.628502 93.8135
0.674306 -101.692 0.593273 84.3147
0.781726 -132.03 0.663498 104.019
0.781091 -127.928 0.663104 100.818
0.726823 -114.975 0.628502 93.0046
0.67491 -101.221 0.593688 83.9002
0.781091 -129.709 0.663104 102.222
0.781091 -127.928 0.663104 100.818
-0.838226 149.11 2.44397 114.274
0.726823 -114.975 0.628502 93.0046
0.781091 -126.928 0.663104 100.03
0.781091 -129.709 0.663104 102.222
0.67491 -99.5458 0.593688 82.5119
0.674306 -101.692 0.593273 84.3147
0.726205 -113.715 0.628098 92.0122
0.781091 -127.928 0.663104 100.818
0.674306 -101.692 0.593273 84.3147
0.67491 -98.5458 0.593688 81.683
0.6739 -100.336 0.592994 83.2061
0.726205 -113.715 0.628098 92.0122
0.781091 -127.928 0.663104 100.818
0.67491 -98.5458 0.593688 81.683
0.674306 -101.692 0.593273 84.3147
0.6739 -100.336 0.592994 83.2061
0.726205 -113.715 0.628098 92.0122
0.781091 -127.928 0.663104 100.818
0.6739 -100.336 0.592994 83.2061
0.674306 -97.3438 0.593273 80.7092
0.674306 -101.692 0.593273 84.3147
0.726205 -113.715 0.628098 92.0122
0.781091 -127.928 0.663104 100.818
-0.838226 147.271 2.44397 112.865
0.6739 -100.336 0.592994 83.2061
0.674306 -103.367 0.593273 85.7029
0.674306 -97.3438 0.593273 80.7092
0.726823 -114.975 0.628502 93.0046
0.781726 -129.249 0.663498 101.828
0.674306 -101.692 0.593273 84.3147
0.67491 -103.896 0.593688 86.1174
0.67491 -98.5458 0.593688 81.683
0.726823 -114.975 0.628502 93.0046
0.781726 -129.249 0.663498 101.828
0.67491 -103.896 0.593688 86.1174
0.67491 -101.221 0.593688 83.9002
0.67491 -98.5458 0.593688 81.683
0.726823 -114.975 0.628502 93.0046
0.781726 -129.249 0.663498 101.828
0.67491 -103.896 0.593688 86.1174
0.6739 -100.336 0.592994 83.2061
0.67491 -98.5458 0.593688 81.683
0.726205 -113.715 0.628098 92.0122
0.781091 -127.928 0.663104 100.818
0.674306 -103.367 0.593273 85.7029
0.674306 -97.3438 0.593273 80.7092
0.838773 -144.053 0.69794 110.369
0.726205 -113.715 0.628098 92.0122
0.781091 -127.928 0.663104 100.818
0.67491 -101.221 0.593688 83.9002
0.838878 -144.98 0.698002 111.073
-0.781091 142.395 2.47849 112.22
0.726205 -113.715 0.628098 92.0122
0.781091 -127.928 0.663104 100.818
0.67491 -101.221 0.593688 83.9002
0.726823 -114.975 0.628502 93.0046
0.781091 -127.928 0.663104 100.818
0.67491 -99.5458 0.593688 82.5119
0.674306 -103.367 0.593273 85.7029
0.781091 -127.928 0.663104 100.818
0.726205 -113.715 0.628098 92.0122
0.839426 -142.76 0.698323 109.343
0.674306 -101.692 0.593273 84.3147
0.674306 -97.3438 0.593273 80.7092
0.781091 -127.928 0.663104 100.818
0.726205 -113.715 0.628098 92.0122
0.674306 -101.692 0.593273 84.3147
0.838878 -144.98 0.698002 111.073
0.781091 -126.928 0.663104 100.03
0.726205 -113.715 0.628098 92.0122
0.838773 -144.053 0.69794 110.369
0.67491 -101.221 0.593688 83.9002
-0.781091 142.395 2.47849 112.22
0.781091 -127.928 0.663104 100.818
0.726205 -113.715 0.628098 92.0122
0.838878 -144.98 0.698002 111.073
0.839426 -139.92 0.698323 107.168
0.781091 -127.928 0.663104 100.818
0.726205 -113.715 0.628098 92.0122
0.838773 -142.214 0.69794 108.96
0.839426 -139.92 0.698323 107.168
0.781726 -129.249 0.663498 101.828
0.726823 -114.975 0.628502 93.0046
0.838773 -142.214 0.69794 108.96
0.839426 -146.439 0.698323 112.161
0.6739 -100.336 0.592994 83.2061
0.781091 -127.928 0.663104 100.818
0.726205 -113.715 0.628098 92.0122
0.839426 -142.76 0.698323 109.343
0.838878 -144.98 0.698002 111.073
0.781091 -126.928 0.663104 100.03
0.726205 -113.715 0.628098 92.0122
0.838773 -144.053 0.69794 110.369
-0.781726 142.939 2.47809 112.613
0.674306 -101.692 0.593273 84.3147
0.781091 -127.928 0.663104 100.818
0.726205 -113.715 0.628098 92.0122
0.838878 -144.98 0.698002 111.073
0.781726 -129.249 0.663498 101.828
0.726823 -114.975 0.628502 93.0046
0.838226 -147.271 0.697619 112.865
0.67491 -103.896 0.593688 86.1174
0.781091 -129.709 0.663104 102.222
0.726823 -115.975 0.628502 93.8135
0.674306 -101.692 0.593273 84.3147
0.781091 -129.709 0.663104 102.222
0.726823 -115.975 0.628502 93.8135
0.674306 -101.692 0.593273 84.3147
0.781726 -129.249 0.663498 101.828
0.726823 -114.975 0.628502 93.0046
0.67491 -101.221 0.593688 83.9002
0.838773 -142.214 0.69794 108.96
0.781091 -127.928 0.663104 100.818
0.726205 -113.715 0.628098 92.0122
0.839426 -142.76 0.698323 109.343
0.781091 -127.928 0.663104 100.818
0.726205 -113.715 0.628098 92.0122
0.839426 -142.76 0.698323 109.343
0.838878 -144.98 0.698002 111.073
0.781091 -127.928 0.663104 100.818
0.726205 -113.715 0.628098 92.0122
0.839426 -142.76 0.698323 109.343
0.838878 -144.98 0.698002 111.073
0.674306 -105.041 0.593273 87.0911
0.781726 -129.249 0.663498 101.828
0.726823 -115.975 0.628502 93.8135
0.839426 -146.439 0.698323 112.161
0.674306 -105.041 0.593273 87.0911
0.726823 -115.975 0.628502 93.8135
0.781091 -129.709 0.663104 102.222
0.67491 -103.896 0.593688 86.1174
0.838226 -147.271 0.697619 112.865
0.726823 -115.975 0.628502 93.8135
0.781091 -129.709 0.663104 102.222
0.674306 -103.367 0.593273 85.7029
0.839426 -148.278 0.698323 113.569
0.726823 -114.975 0.628502 93.0046
0.781726 -129.249 0.663498 101.828
0.6739 -100.336 0.592994 83.2061
0.674306 -103.367 0.593273 85.7029
0.67491 -98.5458 0.593688 81.683
0.726205 -113.715 0.628098 92.0122
0.781726 -129.249 0.663498 101.828
0.67491 -98.5458 0.593688 81.683
0.6739 -100.336 0.592994 83.2061
0.674306 -101.692 0.593273 84.3147
0.726205 -113.715 0.628098 92.0122
0.781091 -127.928 0.663104 100.818
0.67491 -98.5458 0.593688 81.683
0.6739 -100.336 0.592994 83.2061
0.781091 -126.147 0.663104 99.4142
0.726823 -113.248 0.628502 91.6077
0.674306 -97.3438 0.593273 80.7092
0.838773 -144.053 0.69794 110.369
0.781091 -126.147 0.663104 99.4142
0.726823 -111.522 0.628502 90.2109
0.838773 -138.537 0.69794 106.142
0.839426 -142.76 0.698323 109.343
0.781091 -126.928 0.663104 100.03
0.726823 -113.248 0.628502 91.6077
0.839426 -139.92 0.698323 107.168
0.838773 -144.053 0.69794 110.369
0.781091 -127.928 0.663104 100.818
0.726205 -113.715 0.628098 92.0122
0.838773 -144.053 0.69794 110.369
0.838773 -142.214 0.69794 108.96
0.781726 -129.249 0.663498 101.828
0.726823 -114.975 0.628502 93.0046
0.838878 -144.98 0.698002 111.073
0.781726 -129.249 0.663498 101.828
0.726823 -114.975 0.628502 93.0046
0.838226 -147.271 0.697619 112.865
0.838878 -144.98 0.698002 111.073
0.781091 -129.709 0.663104 102.222
0.726823 -115.975 0.628502 93.8135
0.838226 -147.271 0.697619 112.865
0.674306 -101.692 0.593273 84.3147
0.6739 -100.336 0.592994 83.2061
0.781091 -129.709 0.663104 102.222
0.726823 -115.975 0.628502 93.8135
0.674306 -101.692 0.593273 84.3147
0.839426 -148.278 0.698323 113.569
0.725757 -116.779 0.627804 94.5119
0.781091 -129.709 0.663104 102.222
0.6739 -100.336 0.592994 83.2061
0.674306 -101.692 0.593273 84.3147
0.67491 -103.896 0.593688 86.1174
0.838226 -147.271 0.697619 112.865
0.726823 -115.975 0.628502 93.8135
0.781091 -129.709 0.663104 102.222
0.6739 -100.336 0.592994 83.2061
0.674306 -101.692 0.593273 84.3147
0.67491 -103.896 0.593688 86.1174
0.725757 -116.779 0.627804 94.5119
0.781091 -129.709 0.663104 102.222
0.674306 -101.692 0.593273 84.3147
0.839426 -148.278 0.698323 113.569
0.725757 -116.779 0.627804 94.5119
0.781091 -129.709 0.663104 102.222
0.674306 -101.692 0.593273 84.3147
0.6739 -100.336 0.592994 83.2061
0.839426 -148.278 0.698323 113.569
0.726823 -117.702 0.628502 95.2103
0.781091 -131.49 0.663104 103.625
0.674306 -101.692 0.593273 84.3147
0.838226 -149.11 0.697619 114.274
0.726205 -118.168 0.628098 95.6149
0.781726 -132.03 0.663498 104.019
0.674306 -101.692 0.593273 84.3147
0.67491 -103.896 0.593688 86.1174
0.674306 -107.715 0.593273 89.3084
0.839426 -150.118 0.698323 114.978
0.726205 -119.894 0.628098 97.0116
0.781091 -134.271 0.663104 105.817
0.674306 -103.367 0.593273 85.7029
0.839426 -151.957 0.698323 116.387
0.674306 -109.39 0.593273 90.6966
0.726823 -120.429 0.628502 97.4161
0.78123 -135.171 0.663191 106.519
0.674306 -109.39 0.593273 90.6966
0.674306 -105.041 0.593273 87.0911
0.838773 -152.408 0.69794 116.77
0.726823 -120.429 0.628502 97.4161
0.78123 -135.171 0.663191 106.519
0.674306 -109.39 0.593273 90.6966
0.674306 -105.041 0.593273 87.0911
0.839426 -151.957 0.698323 116.387
0.726823 -120.429 0.628502 97.4161
0.781091 -136.052 0.663104 107.221
0.674306 -109.39 0.593273 90.6966
0.674306 -106.041 0.593273 87.9202
0.839426 -151.957 0.698323 116.387
0.726205 -119.894 0.628098 97.0116
0.781091 -136.052 0.663104 107.221
0.674306 -107.715 0.593273 89.3084
-0.838878 144.98 2.44359 111.073
0.726205 -119.894 0.628098 97.0116
0.78123 -135.171 0.663191 106.519
0.67491 -107.245 0.593688 88.894
0.839426 -151.957 0.698323 116.387
0.726205 -119.894 0.628098 97.0116
0.78123 -135.171 0.663191 106.519
0.674306 -106.041 0.593273 87.9202
0.726205 -118.168 0.628098 95.6149
0.781091 -134.271 0.663104 105.817
0.67491 -103.896 0.593688 86.1174
0.674306 -106.041 0.593273 87.9202
0.726205 -118.168 0.628098 95.6149
0.781726 -132.03 0.663498 104.019
0.674306 -103.367 0.593273 85.7029
0.67491 -107.245 0.593688 88.894
0.726205 -118.168 0.628098 95.6149
0.781091 -131.49 0.663104 103.625
0.674306 -101.692 0.593273 84.3147
-0.625 131.875 2.58299 111.83
-0.577367 128.333 2.61798 111.138
-0.67491 136.019 2.54791 112.744
0.726205 -118.168 0.628098 95.6149
0.781091 -133.271 0.663104 105.029
0.67491 -103.896 0.593688 86.1174
0.674306 -101.692 0.593273 84.3147
0.674306 -106.041 0.593273 87.9202
-0.899798 153.835 2.40889 114.356
0.726205 -119.894 0.628098 97.0116
0.781091 -134.271 0.663104 105.817
0.674306 -106.041 0.593273 87.9202
-0.965925 157.808 2.37353 113.504
0.674306 -107.715 0.593273 89.3084
0.726823 -120.429 0.628502 97.4161
0.781091 -134.271 0.663104 105.817
0.674306 -106.041 0.593273 87.9202
0.67491 -103.896 0.593688 86.1174
-0.901077 152.982 2.40818 113.65
-0.965254 159.238 2.37387 114.571
0.674306 -109.39 0.593273 90.6966
0.726205 -121.62 0.628098 98.4084
0.78123 -135.171 0.663191 106.519
-0.781091 140.614 2.47849 110.816
-0.839426 146.439 2.44327 112.161
0.674306 -105.041 0.593273 87.0911
-0.624632 130.541 2.58326 110.717
0.674306 -109.39 0.593273 90.6966
0.726205 -121.62 0.628098 98.4084
0.781091 -136.052 0.663104 107.221
0.674306 -106.041 0.593273 87.9202
-0.726205 138.43 2.51349 112.01
0.674306 -109.39 0.593273 90.6966
0.726823 -123.883 0.628502 100.21
0.781091 -137.833 0.663104 108.624
0.674306 -109.39 0.593273 90.6966
0.674306 -112.064 0.593273 92.9139
0.726823 -123.883 0.628502 100.21
0.781091 -137.833 0.663104 108.624
0.674306 -109.39 0.593273 90.6966
0.726205 -124.346 0.628098 100.614
0.781091 -138.833 0.663104 109.412
0.67491 -109.92 0.593688 91.1112
0.67491 -112.595 0.593688 93.3284
0.726823 -125.609 0.628502 101.607
0.781091 -140.614 0.663104 110.816
0.674306 -113.738 0.593273 94.3021
0.674306 -110.39 0.593273 91.5257
-0.726205 141.156 2.51349 114.216
-0.781091 146.957 2.47849 115.815
-0.6739 136.793 2.5486 113.438
0.726823 -125.609 0.628502 101.607
0.674306 -113.738 0.593273 94.3021
0.781091 -142.395 0.663104 112.22
0.726823 -126.609 0.628502 102.415
0.674306 -113.738 0.593273 94.3021
0.781726 -142.939 0.663498 112.613
0.674306 -113.738 0.593273 94.3021
0.726205 -127.799 0.628098 103.408
0 1000 1.5708 1000
0.674306 -114.738 0.593273 95.1312
0.726823 -128.336 0.628502 103.812
-28.5571 1887.27 1.6058 66.0471
0 1000 1.5708 1000
0.625 -100.125 0.558599 84.9058
0.674306 -114.738 0.593273 95.1312
0.726823 -128.336 0.628502 103.812
0 1000 1.5708 1000
-0.901077 158.685 2.40818 117.887
-14.2571 1017.26 1.64082 71.1758
-14.3525 1002 1.64036 69.6447
0.625 -100.125 0.558599 84.9058
-28.5571 1972.94 1.6058 69.0452
0.674306 -113.738 0.593273 94.3021
0.726205 -127.799 0.628098 103.408
-9.47143 708.386 1.67599 74.3784
0 1000 1.5708 1000
0.67491 -112.595 0.593688 93.3284
0.726823 -126.609 0.628502 102.415
0 1000 1.5708 1000
0.67491 -112.595 0.593688 93.3284
0.726823 -126.609 0.628502 102.415
0.624632 -98.7961 0.558334 83.7928
0 1000 1.5708 1000
0.674306 -113.738 0.593273 94.3021
0.726205 -127.799 0.628098 103.408
0.624632 -98.7961 0.558334 83.7928
0.674306 -113.738 0.593273 94.3021
0.726205 -127.799 0.628098 103.408
-0.965254 167.099 2.37387 120.227
0.624632 -98.7961 0.558334 83.7928
-0.900404 159.132 2.40855 118.258
0 1000 1.5708 1000
0.67491 -112.595 0.593688 93.3284
0.726205 -127.799 0.628098 103.408
0.625 -101.75 0.558599 86.2838
0 1000 1.5708 1000
0.67491 -112.595 0.593688 93.3284
0.726823 -126.609 0.628502 102.415
0 1000 1.5708 1000
0.67491 -112.595 0.593688 93.3284
0.726823 -126.609 0.628502 102.415
0.624632 -98.7961 0.558334 83.7928
0.674306 -113.738 0.593273 94.3021
0.726205 -127.799 0.628098 103.408
0.624632 -98.7961 0.558334 83.7928
0 1000 1.5708 1000
0.674306 -113.738 0.593273 94.3021
0.726205 -127.799 0.628098 103.408
0.624632 -98.7961 0.558334 83.7928
0.625 -101.75 0.558599 86.2838
0.674306 -113.738 0.593273 94.3021
0.726205 -127.799 0.628098 103.408
0.625 -101.75 0.558599 86.2838
0.67491 -112.595 0.593688 93.3284
0.726823 -126.609 0.628502 102.415
0.625 -101.75 0.558599 86.2838
0.624632 -98.7961 0.558334 83.7928
0.67491 -112.595 0.593688 93.3284
0.625 -101.75 0.558599 86.2838
0.726205 -127.799 0.628098 103.408
0.624632 -98.7961 0.558334 83.7928
0.67491 -112.595 0.593688 93.3284
0.625 -101.75 0.558599 86.2838
0.726823 -128.336 0.628502 103.812
0.624632 -98.7961 0.558334 83.7928
-0.965254 165.133 2.37387 118.813
0.67491 -112.595 0.593688 93.3284
0.625 -101.125 0.558599 85.7538
0.624632 -98.7961 0.558334 83.7928
0.726205 -127.799 0.628098 103.408
0.674306 -112.064 0.593273 92.9139
0.624632 -98.7961 0.558334 83.7928
0.726823 -126.609 0.628502 102.415
0.674306 -110.39 0.593273 91.5257
0.624632 -98.7961 0.558334 83.7928
0.726823 -125.609 0.628502 101.607
0.674306 -110.39 0.593273 91.5257
0.726823 -125.609 0.628502 101.607
0.624632 -98.7961 0.558334 83.7928
0 1000 1.5708 1000
0.67491 -109.92 0.593688 91.1112
0.726205 -124.346 0.628098 100.614
0.625 -97.5 0.558599 82.6798
0.726205 -121.62 0.628098 98.4084
0.62441 -95.3496 0.558175 80.8777
0 1000 1.5708 1000
0.674306 -109.39 0.593273 90.6966
0.726823 -120.429 0.628502 97.4161
0.726823 -123.883 0.628502 100.21
0.62441 -95.3496 0.558175 80.8777
0.674306 -109.39 0.593273 90.6966
0.726205 -121.62 0.628098 98.4084
0.726823 -123.883 0.628502 100.21
0.62441 -95.3496 0.558175 80.8777
0.674306 -109.39 0.593273 90.6966
0.726205 -121.62 0.628098 98.4084
0.625 -93.25 0.558599 79.0758
0.62441 -95.3496 0.558175 80.8777
0.674306 -109.39 0.593273 90.6966
0.726823 -122.156 0.628502 98.8129
0.625 -93.25 0.558599 79.0758
0 1000 1.5708 1000
0.726823 -122.156 0.628502 98.8129
0.674306 -109.39 0.593273 90.6966
0.625 -93.25 0.558599 79.0758
0.726823 -122.156 0.628502 98.8129
0.674306 -109.39 0.593273 90.6966
0.781091 -136.052 0.663104 107.221
0.726823 -123.883 0.628502 100.21
0.674306 -109.39 0.593273 90.6966
0.674306 -110.39 0.593273 91.5257
0.78123 -136.952 0.663191 107.922
0.726823 -123.883 0.628502 100.21
0.674306 -110.39 0.593273 91.5257
0.78123 -136.952 0.663191 107.922
0.726205 -124.346 0.628098 100.614
0.674306 -110.39 0.593273 91.5257
0.781726 -140.157 0.663498 110.422
0.726205 -124.346 0.628098 100.614
0.674306 -110.39 0.593273 91.5257
0.781726 -140.157 0.663498 110.422
0.674306 -110.39 0.593273 91.5257
0.726205 -124.346 0.628098 100.614
0.625 -101.125 0.558599 85.7538
0.781726 -140.157 0.663498 110.422
0.674306 -110.39 0.593273 91.5257
0.726205 -124.346 0.628098 100.614
0.625 -100.125 0.558599 84.9058
0.781726 -140.157 0.663498 110.422
0.674306 -110.39 0.593273 91.5257
0.726205 -124.346 0.628098 100.614
0.624632 -98.7961 0.558334 83.7928
0.625 -97.5 0.558599 82.6798
0.674306 -109.39 0.593273 90.6966
0.726823 -123.883 0.628502 100.21
0.625 -97.5 0.558599 82.6798
0.62441 -95.3496 0.558175 80.8777
0.674306 -107.715 0.593273 89.3084
0.726823 -122.156 0.628502 98.8129
0.62441 -95.3496 0.558175 80.8777
0.625 -97.5 0.558599 82.6798
0.674306 -106.041 0.593273 87.9202
0.726823 -120.429 0.628502 97.4161
0.62441 -95.3496 0.558175 80.8777
0.625 -93.25 0.558599 79.0758
0.625 -91.625 0.558599 77.6978
0.674306 -105.041 0.593273 87.0911
0.726205 -118.168 0.628098 95.6149
0.625 -93.25 0.558599 79.0758
0.781091 -136.052 0.663104 107.221
0.726823 -117.702 0.628502 95.2103
0.67491 -103.896 0.593688 86.1174
0.781091 -134.271 0.663104 105.817
0.625 -93.25 0.558599 79.0758
0.726823 -117.702 0.628502 95.2103
0.674306 -103.367 0.593273 85.7029
0.781091 -133.271 0.663104 105.029
0.781091 -129.709 0.663104 102.222
0.726823 -117.702 0.628502 95.2103
0.674306 -103.367 0.593273 85.7029
0.781091 -129.709 0.663104 102.222
0.781091 -134.271 0.663104 105.817
0.726205 -118.168 0.628098 95.6149
0.674306 -103.367 0.593273 85.7029
0.781091 -131.49 0.663104 103.625
0.781091 -134.271 0.663104 105.817
-0.900404 157.231 2.40855 116.846
0.726205 -118.168 0.628098 95.6149
0.781726 -132.03 0.663498 104.019
0.67491 -103.896 0.593688 86.1174
0.781091 -134.271 0.663104 105.817
0.726205 -118.168 0.628098 95.6149
0.781726 -132.03 0.663498 104.019
0.67491 -103.896 0.593688 86.1174
0.726205 -119.894 0.628098 97.0116
0.781091 -133.271 0.663104 105.029
0.67491 -103.896 0.593688 86.1174
0.674306 -106.041 0.593273 87.9202
0.726205 -119.894 0.628098 97.0116
0.781091 -134.271 0.663104 105.817
0.67491 -103.896 0.593688 86.1174
0.674306 -106.041 0.593273 87.9202
0.726205 -119.894 0.628098 97.0116
0.78123 -135.171 0.663191 106.519
0.674306 -107.715 0.593273 89.3084
-0.899798 155.734 2.40889 115.768
0.839426 -151.957 0.698323 116.387
0.67491 -103.896 0.593688 86.1174
0.726823 -120.429 0.628502 97.4161
0.781091 -136.052 0.663104 107.221
0.674306 -107.715 0.593273 89.3084
0.674306 -106.041 0.593273 87.9202
0.726205 -121.62 0.628098 98.4084
0.78123 -136.952 0.663191 107.922
0.67491 -107.245 0.593688 88.894
0.726205 -121.62 0.628098 98.4084
0.67491 -107.245 0.593688 88.894
0.78123 -136.952 0.663191 107.922
0.674306 -109.39 0.593273 90.6966
0.726205 -121.62 0.628098 98.4084
0.67491 -107.245 0.593688 88.894
0.674306 -109.39 0.593273 90.6966
0.781091 -137.833 0.663104 108.624
0.726823 -120.429 0.628502 97.4161
0.67491 -107.245 0.593688 88.894
0.78123 -136.952 0.663191 107.922
0.726205 -118.168 0.628098 95.6149
0.674306 -106.041 0.593273 87.9202
0.78123 -135.171 0.663191 106.519
0.726823 -117.702 0.628502 95.2103
0.67491 -103.896 0.593688 86.1174
0.781091 -134.271 0.663104 105.817
0.726823 -117.702 0.628502 95.2103
0.67491 -103.896 0.593688 86.1174
0.78123 -135.171 0.663191 106.519
0.726823 -117.702 0.628502 95.2103
0.674306 -103.367 0.593273 85.7029
0.781726 -132.03 0.663498 104.019
0.781091 -134.271 0.663104 105.817
0.725757 -116.779 0.627804 94.5119
0.674306 -101.692 0.593273 84.3147
0.781091 -131.49 0.663104 103.625
0.781091 -133.271 0.663104 105.029
0.725757 -116.779 0.627804 94.5119
0.781091 -131.49 0.663104 103.625
0.674306 -101.692 0.593273 84.3147
0.726823 -117.702 0.628502 95.2103
0.781726 -132.03 0.663498 104.019
0.674306 -101.692 0.593273 84.3147
0.839426 -146.439 0.698323 112.161
0.781091 -134.271 0.663104 105.817
0.726205 -118.168 0.628098 95.6149
1.03525 -197.99 0.802717 137.554
0.965925 -182.399 0.768067 131.191
0.674306 -103.367 0.593273 85.7029
0.838226 -149.11 0.697619 114.274
1.11061 -214.836 0.837758 143.753
0.900471 -165.789 0.733075 123.201
0.838773 -152.408 0.69794 116.77
0.78123 -135.171 0.663191 106.519
0.965949 -183.384 0.768079 131.898
0.726205 -119.894 0.628098 97.0116
0.839426 -151.957 0.698323 116.387
0.899798 -168.133 0.732704 124.985
1.03525 -200.025 0.802717 138.968
0.901077 -171.092 0.73341 127.103
0.838773 -154.247 0.69794 118.179
0.965254 -186.751 0.76772 134.367
0.78123 -136.952 0.663191 107.922
0.839426 -158.475 0.698323 121.38
0.900404 -173.435 0.733038 128.887
0.781091 -142.395 0.663104 112.22
0.838773 -160.763 0.69794 123.171
0.781726 -144.721 0.663498 114.017
0.781091 -148.739 0.663104 117.219
0.726823 -134.517 0.628502 108.812
0.726205 -136.703 0.628098 110.613
0.674306 -122.435 0.593273 101.513
0.781091 -152.301 0.663104 120.026
0.674306 -126.784 0.593273 105.119
0.726205 -141.156 0.628098 114.216
0.625 -112.25 0.558599 95.1878
0.625 -113.875 0.558599 96.5658
0.625 -115.5 0.558599 97.9438
0.674306 -129.458 0.593273 107.336
-0.900404 162.933 2.40855 121.083
0.625 -118.125 0.558599 100.17
0.577367 -105.559 0.523611 91.416
0.577367 -108.136 0.523611 93.6481
0.53171 -95.2367 0.488693 84.089
