4.01863 -672.435 1.32691 162.377
4.01863 -672.435 1.32691 162.377
4.70433 -801.305 1.36134 166.611
4.01863 -672.435 1.32691 162.377
4.01863 -672.435 1.32691 162.377
4.01863 -672.435 1.32691 162.377
4.01863 -672.435 1.32691 162.377
4.70433 -801.305 1.36134 166.611
4.01863 -672.435 1.32691 162.377
4.01863 -672.435 1.32691 162.377
4.70433 -801.305 1.36134 166.611
4.01033 -673.132 1.32642 162.863
4.01863 -672.435 1.32691 162.377
4.01033 -673.132 1.32642 162.863
4.01033 -673.132 1.32642 162.863
4.70433 -801.305 1.36134 166.611
4.01033 -673.132 1.32642 162.863
3.49002 -572.238 1.29174 157.621
4.01033 -673.132 1.32642 162.863
4.01033 -673.132 1.32642 162.863
4.01033 -673.132 1.32642 162.863
4.01033 -673.132 1.32642 162.863
4.71325 -805.617 1.36173 167.204
4.01033 -673.132 1.32642 162.863
4.01033 -673.132 1.32642 162.863
4.01033 -673.132 1.32642 162.863
4.01033 -673.132 1.32642 162.863
4.01033 -673.132 1.32642 162.863
-4.71566 894.393 1.77976 185.538
-4.70192 904.154 1.78035 188.088
-5.67435 1073.74 1.74524 186.356
-5.65805 1079.24 1.74573 187.833
-7.09677 1335.35 1.71078 186.323
-7.1223 1350.75 1.71029 187.808
-5.67723 1091.8 1.74515 189.397
-9.51675 1794.37 1.67549 187.517
-7.1259 1366.17 1.71022 189.858
-9.51675 1813.41 1.67549 189.506
-14.3525 2704.6 1.64036 187.985
-14.25 2706.75 1.64086 189.481
-28.5571 5403.8 1.6058 189.112
0 1000 1.5708 1000
-1.11136 181.522 2.3035 121.417
-1.11136 181.522 2.3035 121.417
-1.11136 181.522 2.3035 121.417
-1.11136 181.522 2.3035 121.417
-1.036 171.078 2.33852 118.813
-1.11061 180.955 2.30383 121.083
-1.11061 180.955 2.30383 121.083
-1.11061 180.955 2.30383 121.083
-1.11061 180.955 2.30383 121.083
-1.036 171.078 2.33852 118.813
-1.11061 180.955 2.30383 121.083
-1.036 171.078 2.33852 118.813
-1.036 171.078 2.33852 118.813
-1.11061 178.845 2.30383 119.67
-1.036 171.078 2.33852 118.813
-1.036 169.042 2.33852 117.399
-1.11061 178.845 2.30383 119.67
-1.036 169.042 2.33852 117.399
-1.036 169.042 2.33852 117.399
-1.11061 178.845 2.30383 119.67
-1.036 171.078 2.33852 118.813
-1.11061 178.845 2.30383 119.67
-1.036 169.042 2.33852 117.399
-1.036 169.042 2.33852 117.399
-1.036 169.042 2.33852 117.399
-1.036 169.042 2.33852 117.399
-1.036 169.042 2.33852 117.399
-1.03453 167.901 2.33922 116.692
-1.03453 167.901 2.33922 116.692
-0.96662 160.33 2.37317 115.278
-1.03453 167.901 2.33922 116.692
-1.03453 167.901 2.33922 116.692
-0.96662 160.33 2.37317 115.278
-1.03453 167.901 2.33922 116.692
-1.10978 178.216 2.30421 119.299
-1.03453 167.901 2.33922 116.692
-1.03453 167.901 2.33922 116.692
-1.10978 178.216 2.30421 119.299
-1.03453 167.901 2.33922 116.692
-1.03453 167.901 2.33922 116.692
-1.03453 167.901 2.33922 116.692
-0.96662 160.33 2.37317 115.278
-1.03453 167.901 2.33922 116.692
-1.03453 167.901 2.33922 116.692
-0.96662 160.33 2.37317 115.278
-1.03453 167.901 2.33922 116.692
-1.03453 167.901 2.33922 116.692
-0.965254 159.238 2.37387 114.571
-1.03453 167.901 2.33922 116.692
-0.96662 160.33 2.37317 115.278
-1.03453 167.901 2.33922 116.692
-0.965254 159.238 2.37387 114.571
-1.03453 167.901 2.33922 116.692
-0.965254 159.238 2.37387 114.571
-1.03453 167.901 2.33922 116.692
-0.965254 159.238 2.37387 114.571
-1.03453 167.901 2.33922 116.692
-0.901077 152.982 2.40818 113.65
-1.03453 167.901 2.33922 116.692
-0.965254 159.238 2.37387 114.571
-0.965254 159.238 2.37387 114.571
-1.03453 167.901 2.33922 116.692
-0.965254 159.238 2.37387 114.571
-1.03453 167.901 2.33922 116.692
-0.965254 159.238 2.37387 114.571
-1.036 167.006 2.33852 115.985
-0.965254 159.238 2.37387 114.571
-1.036 167.006 2.33852 115.985
-0.965925 157.808 2.37353 113.504
-1.036 167.006 2.33852 115.985
-1.036 167.006 2.33852 115.985
-0.965925 157.808 2.37353 113.504
-1.036 167.006 2.33852 115.985
-0.965254 159.238 2.37387 114.571
-1.036 167.006 2.33852 115.985
-0.965925 157.808 2.37353 113.504
-0.965925 157.808 2.37353 113.504
-1.036 167.006 2.33852 115.985
-0.899798 151.935 2.40889 112.944
-0.965925 157.808 2.37353 113.504
-1.036 167.006 2.33852 115.985
-0.965925 157.808 2.37353 113.504
-1.036 167.006 2.33852 115.985
-0.965925 157.808 2.37353 113.504
-0.965925 157.808 2.37353 113.504
-0.965925 157.808 2.37353 113.504
-4.01033 758.339 1.81517 183.478
-4.00826 766.488 1.81529 185.54
-4.70192 884.346 1.78035 183.967
-5.67723 1062.42 1.74515 184.299
-4.70192 894.75 1.78035 186.131
-5.67435 1073.74 1.74524 186.356
-7.1259 1329.54 1.71022 184.768
-7.09677 1335.35 1.71078 186.323
-9.51675 1765.82 1.67549 184.533
-9.51675 1784.86 1.67549 186.522
-14.2571 2664.83 1.64082 186.454
-0.965925 157.808 2.37353 113.504
-0.965925 157.808 2.37353 113.504
1.732 -295.696 1.04718 147.851
-1.036 171.078 2.33852 118.813
1.732 -295.696 1.04718 147.851
-5.67435 950.582 1.74524 164.98
1.60094 -269.214 1.01246 142.623
-0.965254 161.203 2.37387 115.985
-1.036 169.042 2.33852 117.399
-7.09677 1176.23 1.71078 164.12
-5.67435 950.582 1.74524 164.98
1.60094 -269.214 1.01246 142.623
-7.09677 1176.23 1.71078 164.12
1.732 -297.428 1.04718 148.717
-1.036 171.078 2.33852 118.813
-0.965254 161.203 2.37387 115.985
-5.66092 951.73 1.74564 165.56
1.60151 -270.584 1.01262 143.312
-7.09677 1176.23 1.71078 164.12
-1.036 171.078 2.33852 118.813
1.732 -297.428 1.04718 148.717
-5.66092 951.73 1.74564 165.56
1.60151 -270.584 1.01262 143.312
-7.09677 1176.23 1.71078 164.12
1.732 -297.428 1.04718 148.717
-1.036 171.078 2.33852 118.813
-5.66092 951.73 1.74564 165.56
-1.036 171.078 2.33852 118.813
-7.09677 1176.23 1.71078 164.12
1.60151 -270.584 1.01262 143.312
1.732 -297.428 1.04718 148.717
-5.66092 951.73 1.74564 165.56
-1.036 171.078 2.33852 118.813
1.60151 -270.584 1.01262 143.312
1.732 -297.428 1.04718 148.717
-7.09677 1176.23 1.71078 164.12
-0.96662 162.296 2.37317 116.692
-1.11061 178.845 2.30383 119.67
-5.66092 951.73 1.74564 165.56
-1.036 171.078 2.33852 118.813
1.6 -271.2 1.0122 143.736
-7.09677 1176.23 1.71078 164.12
1.732 -297.428 1.04718 148.717
-0.96662 162.296 2.37317 116.692
-5.66092 957.391 1.74564 166.544
1.6 -271.2 1.0122 143.736
-1.036 171.078 2.33852 118.813
-7.1223 1183.94 1.71029 164.615
-0.96662 162.296 2.37317 116.692
1.732 -297.428 1.04718 148.717
-5.66092 957.391 1.74564 166.544
1.6 -271.2 1.0122 143.736
-1.036 171.078 2.33852 118.813
-7.1223 1183.94 1.71029 164.615
-0.96662 162.296 2.37317 116.692
-5.66092 957.391 1.74564 166.544
-7.1223 1183.94 1.71029 164.615
1.6 -271.2 1.0122 143.736
-1.036 171.078 2.33852 118.813
-0.96662 162.296 2.37317 116.692
1.48301 -246.063 0.977523 137.568
-7.1223 1183.94 1.71029 164.615
-5.66092 957.391 1.74564 166.544
1.6 -271.2 1.0122 143.736
-1.036 171.078 2.33852 118.813
1.48301 -246.063 0.977523 137.568
-0.900404 157.231 2.40855 116.846
-7.1223 1183.94 1.71029 164.615
-1.036 171.078 2.33852 118.813
-5.67723 962.905 1.74515 167.037
1.6 -271.2 1.0122 143.736
1.48301 -247.546 0.977523 138.397
-0.900404 157.231 2.40855 116.846
-7.1223 1183.94 1.71029 164.615
-5.67723 962.905 1.74515 167.037
1.6 -271.2 1.0122 143.736
-1.036 171.078 2.33852 118.813
1.48301 -247.546 0.977523 138.397
-1.11061 180.955 2.30383 121.083
-0.900404 157.231 2.40855 116.846
-0.965254 163.168 2.37387 117.399
-7.1223 1183.94 1.71029 164.615
-5.67723 962.905 1.74515 167.037
1.6 -271.2 1.0122 143.736
-1.036 171.078 2.33852 118.813
-0.965254 163.168 2.37387 117.399
-0.900404 157.231 2.40855 116.846
-1.11061 180.955 2.30383 121.083
1.48301 -247.546 0.977523 138.397
-7.1223 1191.06 1.71029 165.605
-5.67723 962.905 1.74515 167.037
-1.036 171.078 2.33852 118.813
1.6 -271.2 1.0122 143.736
-0.965254 163.168 2.37387 117.399
-0.900404 157.231 2.40855 116.846
1.48301 -247.546 0.977523 138.397
-1.11061 180.955 2.30383 121.083
-7.1223 1191.06 1.71029 165.605
1.6 -271.2 1.0122 143.736
-5.67723 962.905 1.74515 167.037
-1.036 171.078 2.33852 118.813
-0.965254 163.168 2.37387 117.399
-1.11061 180.955 2.30383 121.083
1.48301 -247.546 0.977523 138.397
-7.1223 1191.06 1.71029 165.605
-5.67723 962.905 1.74515 167.037
-1.036 171.078 2.33852 118.813
1.6 -271.2 1.0122 143.736
-0.965254 163.168 2.37387 117.399
-1.11061 180.955 2.30383 121.083
-7.1223 1191.06 1.71029 165.605
-1.036 171.078 2.33852 118.813
-0.965254 163.168 2.37387 117.399
-5.67723 962.905 1.74515 167.037
1.6 -271.2 1.0122 143.736
-9.51675 1573.49 1.67549 164.434
-1.11061 180.955 2.30383 121.083
-7.1223 1191.06 1.71029 165.605
-1.036 171.078 2.33852 118.813
1.6 -271.2 1.0122 143.736
-5.67723 968.582 1.74515 168.022
-0.965254 163.168 2.37387 117.399
1.48301 -247.546 0.977523 138.397
-1.11061 180.955 2.30383 121.083
-9.51675 1573.49 1.67549 164.434
-7.1223 1191.06 1.71029 165.605
-1.036 171.078 2.33852 118.813
-5.67723 968.582 1.74515 168.022
1.6 -271.2 1.0122 143.736
1.48301 -247.546 0.977523 138.397
-1.11061 180.955 2.30383 121.083
-9.51675 1573.49 1.67549 164.434
-0.965254 165.133 2.37387 118.813
-0.901077 158.685 2.40818 117.887
-7.1223 1191.06 1.71029 165.605
-1.036 171.078 2.33852 118.813
1.6 -273.8 1.0122 145.114
-0.965254 165.133 2.37387 118.813
-5.67723 968.582 1.74515 168.022
-1.11061 180.955 2.30383 121.083
-9.51675 1573.49 1.67549 164.434
1.48168 -249.134 0.977109 139.371
-7.1223 1198.18 1.71029 166.595
-1.036 171.078 2.33852 118.813
-5.67723 968.582 1.74515 168.022
-0.965254 165.133 2.37387 118.813
1.6 -273.8 1.0122 145.114
1.48168 -249.134 0.977109 139.371
-0.901077 158.685 2.40818 117.887
-9.51675 1573.49 1.67549 164.434
-7.1223 1198.18 1.71029 166.595
-0.965254 165.133 2.37387 118.813
-5.67723 968.582 1.74515 168.022
-1.036 171.078 2.33852 118.813
1.48168 -249.134 0.977109 139.371
1.6 -273.8 1.0122 145.114
-0.839426 153.796 2.44327 117.796
-9.51675 1573.49 1.67549 164.434
-7.10036 1198.61 1.71071 167.16
-0.965254 165.133 2.37387 118.813
-9.51675 1573.49 1.67549 164.434
-5.67435 974.28 1.74524 169.093
1.48168 -249.134 0.977109 139.371
1.6 -273.8 1.0122 145.114
-1.036 173.114 2.33852 120.227
-0.901077 158.685 2.40818 117.887
-7.10036 1198.61 1.71071 167.16
-0.965254 165.133 2.37387 118.813
-1.036 173.114 2.33852 120.227
-9.51675 1573.49 1.67549 164.434
1.48168 -249.134 0.977109 139.371
1.6 -273.8 1.0122 145.114
-5.67723 968.582 1.74515 168.022
-7.10036 1198.61 1.71071 167.16
-1.036 173.114 2.33852 120.227
-9.51675 1573.49 1.67549 164.434
1.48168 -249.134 0.977109 139.371
-5.67435 974.28 1.74524 169.093
-0.900404 159.132 2.40855 118.258
1.6 -273.8 1.0122 145.114
-1.11136 181.522 2.3035 121.417
-7.10036 1198.61 1.71071 167.16
-1.036 173.114 2.33852 120.227
-9.51675 1573.49 1.67549 164.434
1.48168 -249.134 0.977109 139.371
-0.965254 165.133 2.37387 118.813
-1.11136 181.522 2.3035 121.417
-5.67435 974.28 1.74524 169.093
-0.900404 159.132 2.40855 118.258
-7.10036 1198.61 1.71071 167.16
-1.036 173.114 2.33852 120.227
-9.51675 1573.49 1.67549 164.434
1.48168 -249.134 0.977109 139.371
-0.900404 159.132 2.40855 118.258
-5.67435 974.28 1.74524 169.093
-7.10036 1198.61 1.71071 167.16
1.48168 -249.134 0.977109 139.371
-1.036 173.114 2.33852 120.227
-9.51675 1573.49 1.67549 164.434
-0.965254 165.133 2.37387 118.813
-5.65805 974.394 1.74573 169.586
-0.900404 159.132 2.40855 118.258
-7.10036 1198.61 1.71071 167.16
1.48168 -249.134 0.977109 139.371
-9.51675 1573.49 1.67549 164.434
-1.036 173.114 2.33852 120.227
-0.965254 165.133 2.37387 118.813
-5.65805 974.394 1.74573 169.586
-0.900404 159.132 2.40855 118.258
1.60151 -274.787 1.01262 145.538
-7.10036 1198.61 1.71071 167.16
-0.965254 165.133 2.37387 118.813
-1.036 173.114 2.33852 120.227
-9.51675 1583 1.67549 165.428
1.48168 -249.134 0.977109 139.371
-5.65805 974.394 1.74573 169.586
1.37702 -226.03 0.942699 132.817
-7.10036 1198.61 1.71071 167.16
-0.965254 165.133 2.37387 118.813
1.48301 -250.029 0.977523 139.785
1.37702 -226.03 0.942699 132.817
-9.51675 1583 1.67549 165.428
-1.036 173.114 2.33852 120.227
-7.10036 1205.71 1.71071 168.15
-9.51675 1583 1.67549 165.428
-0.965254 165.133 2.37387 118.813
-1.036 173.114 2.33852 120.227
-7.10036 1205.71 1.71071 168.15
-0.965254 165.133 2.37387 118.813
-9.51675 1583 1.67549 165.428
-7.10036 1205.71 1.71071 168.15
-0.901077 160.586 2.40818 119.299
-9.51675 1583 1.67549 165.428
-9.51675 1592.52 1.67549 166.423
-0.965254 167.099 2.37387 120.227
-0.965254 167.099 2.37387 120.227
-7.1259 1213.53 1.71022 168.645
1.37702 -236.915 0.942699 139.213
1.37702 -236.915 0.942699 139.213
1.37702 -236.915 0.942699 139.213
0 1000 1.5708 1000
0 1000 1.5708 1000
1.37585 -237.471 0.942294 139.617
0 1000 1.5708 1000
1.27922 -218.597 0.907298 134.629
1.37585 -237.471 0.942294 139.617
0 1000 1.5708 1000
1.27922 -218.597 0.907298 134.629
0 1000 1.5708 1000
-28.5429 4886.83 1.60582 171.105
1.27922 -218.597 0.907298 134.629
-1.28026 213.507 2.2339 131.428
28.5571 -4774.54 1.53579 167.09
1.19129 -198.746 0.872473 127.781
0 1000 1.5708 1000
1.27922 -218.597 0.907298 134.629
1.19129 -198.746 0.872473 127.781
-28.5429 4915.37 1.60582 172.105
28.5571 -4774.54 1.53579 167.09
-1.19129 203.129 2.26912 130.599
-14.3525 2531.37 1.64036 175.944
-9.51675 1688.69 1.67549 176.472
1.37585 -237.471 0.942294 139.617
0 1000 1.5708 1000
-28.5429 4915.37 1.60582 172.105
1.27922 -218.597 0.907298 134.629
-14.3525 2531.37 1.64036 175.944
-1.19129 200.938 2.26912 129.19
28.5571 -4745.99 1.53579 166.091
0 1000 1.5708 1000
28.5571 -4745.99 1.53579 166.091
1.27922 -218.597 0.907298 134.629
-1.28026 213.507 2.2339 131.428
-28.5429 4915.37 1.60582 172.105
-14.3525 2531.37 1.64036 175.944
0 1000 1.5708 1000
1.27922 -218.597 0.907298 134.629
28.5571 -4745.99 1.53579 166.091
-28.5429 4915.37 1.60582 172.105
1.37585 -237.471 0.942294 139.617
-1.28026 213.507 2.2339 131.428
0 1000 1.5708 1000
1.27922 -218.597 0.907298 134.629
-1.28026 213.507 2.2339 131.428
28.5571 -4745.99 1.53579 166.091
-9.51675 1688.69 1.67549 176.472
0 1000 1.5708 1000
1.27922 -218.597 0.907298 134.629
-1.28026 213.507 2.2339 131.428
-14.3525 2531.37 1.64036 175.944
-1.19129 200.938 2.26912 129.19
0 1000 1.5708 1000
1.27922 -218.597 0.907298 134.629
-14.3525 2531.37 1.64036 175.944
-1.28026 211.227 2.2339 130.024
-1.19129 200.938 2.26912 129.19
28.5571 -4745.99 1.53579 166.091
0 1000 1.5708 1000
-1.19129 200.938 2.26912 129.19
1.27922 -218.597 0.907298 134.629
-1.28026 211.227 2.2339 130.024
28.5571 -4745.99 1.53579 166.091
-28.5429 4886.83 1.60582 171.105
0 1000 1.5708 1000
-1.19129 200.938 2.26912 129.19
-14.3525 2531.37 1.64036 175.944
0 1000 1.5708 1000
-1.19129 200.938 2.26912 129.19
-1.28026 211.227 2.2339 130.024
-28.5429 4858.29 1.60582 170.106
0 1000 1.5708 1000
-1.28026 211.227 2.2339 130.024
-1.19129 200.938 2.26912 129.19
1.28026 -217.067 0.907692 133.619
0 1000 1.5708 1000
-1.28026 211.227 2.2339 130.024
-1.19129 200.938 2.26912 129.19
28.971 -4800.2 1.53629 165.591
1.28026 -217.067 0.907692 133.619
0 1000 1.5708 1000
-1.19129 200.938 2.26912 129.19
1.28026 -217.067 0.907692 133.619
28.971 -4800.2 1.53629 165.591
-1.28026 211.227 2.2339 130.024
-28.9565 4914.13 1.60532 169.606
0 1000 1.5708 1000
-1.19222 200.433 2.26874 128.807
28.971 -4800.2 1.53629 165.591
-9.51675 1688.69 1.67549 176.472
-1.28026 211.227 2.2339 130.024
-28.9565 4914.13 1.60532 169.606
0 1000 1.5708 1000
-28.9565 4914.13 1.60532 169.606
-1.19222 200.433 2.26874 128.807
-1.27922 210.48 2.23429 129.63
28.971 -4800.2 1.53629 165.591
-9.51675 1688.69 1.67549 176.472
0 1000 1.5708 1000
-1.19222 200.433 2.26874 128.807
-1.11061 191.508 2.30383 128.144
28.971 -4800.2 1.53629 165.591
-28.5429 4829.74 1.60582 169.106
-1.27922 210.48 2.23429 129.63
-9.51675 1679.17 1.67549 175.478
0 1000 1.5708 1000
-1.11061 191.508 2.30383 128.144
28.5571 -4717.43 1.53579 165.091
-28.5429 4829.74 1.60582 169.106
0 1000 1.5708 1000
-28.5429 4829.74 1.60582 169.106
-1.19129 198.746 2.26912 127.781
28.5571 -4717.43 1.53579 165.091
-1.28026 208.946 2.2339 128.62
-1.03453 184.177 2.33922 128.004
0 1000 1.5708 1000
-28.5429 4829.74 1.60582 169.106
28.5571 -4717.43 1.53579 165.091
-1.19129 198.746 2.26912 127.781
-1.28026 208.946 2.2339 128.62
0 1000 1.5708 1000
-28.5571 4803.1 1.6058 168.09
0 1000 1.5708 1000
-1.036 183.294 2.33852 127.297
-1.19222 198.241 2.26874 127.398
28.5571 -4660.31 1.53579 163.093
0 1000 1.5708 1000
0 1000 1.5708 1000
-28.5571 4803.1 1.6058 168.09
28.5571 -4660.31 1.53579 163.093
-1.19222 198.241 2.26874 127.398
0 1000 1.5708 1000
-28.5571 4774.54 1.6058 167.09
0 1000 1.5708 1000
-1.11136 188.968 2.3035 126.397
0 1000 1.5708 1000
-28.5571 4774.54 1.6058 167.09
-9.51675 1660.14 1.67549 173.489
0 1000 1.5708 1000
-28.5571 4745.99 1.6058 166.091
0 1000 1.5708 1000
-28.5571 4745.99 1.6058 166.091
-28.971 4800.2 1.6053 165.591
0 1000 1.5708 1000
-14.3525 2415.55 1.64036 167.894
-28.5571 4717.43 1.6058 165.091
-14.3525 2415.55 1.64036 167.894
0 1000 1.5708 1000
-28.5571 4717.43 1.6058 165.091
-14.25 2391.25 1.64086 167.395
0 1000 1.5708 1000
0 1000 1.5708 1000
-28.5571 4688.87 1.6058 164.092
0 1000 1.5708 1000
-14.25 2391.25 1.64086 167.395
-28.5571 4688.87 1.6058 164.092
-14.25 2377 1.64086 166.398
-28.5571 4660.31 1.6058 163.093
-14.25 2377 1.64086 166.398
-14.25 2362.75 1.64086 165.4
-7.1259 1227.78 1.71022 170.626
2.4753 -407.255 1.18685 152.549
2.4753 -407.255 1.18685 152.549
2.24723 -361.753 1.15211 147.073
2.472 -405.552 1.18639 152.086
2.472 -405.552 1.18639 152.086
2.472 -405.552 1.18639 152.086
2.472 -405.552 1.18639 152.086
-7.1259 1329.54 1.71022 184.768
-9.51675 1765.82 1.67549 184.533
-14.3525 2660.54 1.64036 184.923
-9.51675 1784.86 1.67549 186.522
-14.2571 2664.83 1.64082 186.454
-28.5571 5261.01 1.6058 184.115
-9.51675 1803.89 1.67549 188.511
-28.971 5380.62 1.6053 185.614
-14.3525 2704.6 1.64036 187.985
0 1000 1.5708 1000
0 1000 1.5708 1000
-28.5571 5375.24 1.6058 188.112
-14.25 2721 1.64086 190.479
0 1000 1.5708 1000
-28.971 5496.51 1.6053 189.611
0 1000 1.5708 1000
-14.3525 2762.01 1.64036 191.975
0 1000 1.5708 1000
0 1000 1.5708 1000
28.5571 -5375.24 1.53579 188.112
-28.5571 5575.14 1.6058 195.108
0 1000 1.5708 1000
28.971 -5496.51 1.53629 189.611
14.2571 -2664.83 1.50077 186.454
28.5571 -5489.47 1.53579 192.11
14.3525 -2718.95 1.50123 188.982
9.51675 -1794.37 1.4661 187.517
14.25 -2721 1.50074 190.479
7.1259 -1329.54 1.43137 184.768
