-0.532011 68.6623 2.65267 60.6176
-0.532011 68.6623 2.65267 60.6176
-0.577367 73.4758 2.61798 63.6314
-0.532011 68.6623 2.65267 60.6176
-0.577367 73.4758 2.61798 63.6314
-0.53171 69.9196 2.6529 61.7353
-0.577367 71.8984 2.61798 62.2654
-0.53171 69.9196 2.6529 61.7353
-0.577367 71.8984 2.61798 62.2654
1.11136 -235.529 0.838093 157.541
-0.53171 69.9196 2.6529 61.7353
-0.577367 71.8984 2.61798 62.2654
1.11061 -237.052 0.837758 158.619
1.036 -216.906 0.803077 150.64
1.03528 -217.328 0.802729 150.988
-0.577367 71.8984 2.61798 62.2654
-0.53171 69.9196 2.6529 61.7353
1.11061 -237.052 0.837758 158.619
0.965925 -198.127 0.768067 142.503
1.03528 -217.328 0.802729 150.988
-0.577367 71.8984 2.61798 62.2654
1.11136 -237.641 0.838093 158.953
1.036 -218.942 0.803077 152.054
-0.577367 71.8984 2.61798 62.2654
1.11061 -239.163 0.837758 160.031
0.965949 -199.112 0.768079 143.211
1.03453 -219.799 0.80237 152.761
-0.53171 70.9196 2.6529 62.6183
1.11053 -240.208 0.837721 160.737
0.965925 -200.092 0.768067 143.917
1.03453 -219.799 0.80237 152.761
1.11061 -241.274 0.837758 161.443
-0.53171 70.9196 2.6529 62.6183
0.965254 -201.508 0.76772 144.984
1.036 -220.978 0.803077 153.468
1.11061 -243.384 0.837758 162.856
1.03525 -222.413 0.802717 154.522
-0.577367 78.6305 2.61798 68.0955
-0.577367 78.6305 2.61798 68.0955
-0.577367 78.6305 2.61798 68.0955
-0.625 82.125 2.58299 69.6419
-0.53171 73.983 2.6529 65.3231
-0.577367 78.6305 2.61798 68.0955
-0.625 82.125 2.58299 69.6419
-0.53171 74.983 2.6529 66.206
0.965925 -207.956 0.768067 149.574
0.900404 -191.538 0.733038 142.341
-0.577367 78.6305 2.61798 68.0955
-0.625 82.125 2.58299 69.6419
0.900404 -191.538 0.733038 142.341
-0.53171 74.983 2.6529 66.206
0.965254 -209.369 0.76772 150.64
-0.625 82.125 2.58299 69.6419
-0.577367 78.6305 2.61798 68.0955
0.900404 -191.538 0.733038 142.341
0.965254 -209.369 0.76772 150.64
0.839426 -175.191 0.698323 134.182
-0.53171 74.983 2.6529 66.206
-0.625 82.125 2.58299 69.6419
-0.577367 79.6305 2.61798 68.9615
0.900404 -191.538 0.733038 142.341
0.965254 -209.369 0.76772 150.64
0.839426 -175.191 0.698323 134.182
-0.625 82.125 2.58299 69.6419
-0.577367 79.6305 2.61798 68.9615
0.901077 -193.003 0.73341 143.381
0.965254 -209.369 0.76772 150.64
0.839426 -175.191 0.698323 134.182
-0.577367 79.6305 2.61798 68.9615
-0.625 82.125 2.58299 69.6419
0.901077 -193.003 0.73341 143.381
0.965925 -209.922 0.768067 150.988
-0.532011 76.2584 2.65267 67.3237
0.839426 -175.191 0.698323 134.182
-0.625 82.125 2.58299 69.6419
-0.577367 79.6305 2.61798 68.9615
0.901077 -193.003 0.73341 143.381
0.965254 -211.334 0.76772 152.054
0.838773 -176.473 0.69794 135.208
-0.625 82.125 2.58299 69.6419
0.901077 -193.003 0.73341 143.381
0.965254 -211.334 0.76772 152.054
0.838773 -176.473 0.69794 135.208
-0.625 82.125 2.58299 69.6419
0.901077 -193.003 0.73341 143.381
0.965254 -211.334 0.76772 152.054
-0.577367 81.2079 2.61798 70.3276
-0.577367 81.2079 2.61798 70.3276
-0.625 86.375 2.58299 73.2459
-0.577367 81.2079 2.61798 70.3276
-0.625 86.375 2.58299 73.2459
-0.577367 81.2079 2.61798 70.3276
-0.625 86.375 2.58299 73.2459
-0.577367 82.7852 2.61798 71.6936
-0.625 86.375 2.58299 73.2459
-0.577367 82.7852 2.61798 71.6936
0.899798 -195.73 0.732704 145.5
0.838773 -179.312 0.69794 137.383
-0.625 86.375 2.58299 73.2459
0.838773 -179.312 0.69794 137.383
0.899798 -195.73 0.732704 145.5
-0.577367 82.7852 2.61798 71.6936
-0.67491 89.8462 2.54791 74.472
-0.625 86.375 2.58299 73.2459
0.838773 -179.312 0.69794 137.383
-0.67491 89.8462 2.54791 74.472
0.899798 -195.73 0.732704 145.5
-0.577367 82.7852 2.61798 71.6936
0.781091 -163.206 0.663104 128.62
-0.625 86.375 2.58299 73.2459
-0.67491 89.8462 2.54791 74.472
0.838773 -179.312 0.69794 137.383
0.900404 -197.24 0.733038 146.578
-0.577367 82.7852 2.61798 71.6936
-0.625 86.375 2.58299 73.2459
0.839426 -180.709 0.698323 138.409
0.781726 -164.538 0.663498 129.63
-0.577367 82.7852 2.61798 71.6936
0.900404 -197.24 0.733038 146.578
-0.625 86.375 2.58299 73.2459
0.839426 -180.709 0.698323 138.409
0.781726 -164.538 0.663498 129.63
0.900404 -197.24 0.733038 146.578
-0.577367 82.7852 2.61798 71.6936
-0.625 86.375 2.58299 73.2459
0.839426 -180.709 0.698323 138.409
0.781726 -164.538 0.663498 129.63
-0.625 86.375 2.58299 73.2459
-0.674306 88.6466 2.54832 73.4982
0.838226 -181.521 0.697619 139.113
0.781726 -164.538 0.663498 129.63
-0.67491 88.1713 2.54791 73.0837
0.838226 -181.521 0.697619 139.113
-0.625 86.375 2.58299 73.2459
0.838226 -181.521 0.697619 139.113
-0.625 86.375 2.58299 73.2459
-0.625 86.375 2.58299 73.2459
-0.625 83.75 2.58299 71.0199
-0.625 83.75 2.58299 71.0199
-0.625 83.75 2.58299 71.0199
-0.67491 88.1713 2.54791 73.0837
0.839426 -178.869 0.698323 137
-0.625 83.75 2.58299 71.0199
0.839426 -178.869 0.698323 137
-0.67491 86.4964 2.54791 71.6954
0.781091 -163.206 0.663104 128.62
-0.577367 79.6305 2.61798 68.9615
-0.625 83.75 2.58299 71.0199
-0.67491 86.4964 2.54791 71.6954
0.839426 -178.869 0.698323 137
0.781091 -163.206 0.663104 128.62
-0.577367 79.6305 2.61798 68.9615
-0.625 83.75 2.58299 71.0199
0.839426 -178.869 0.698323 137
0.781726 -162.756 0.663498 128.226
-0.625 83.75 2.58299 71.0199
0.839426 -178.869 0.698323 137
0.781726 -162.756 0.663498 128.226
-0.674306 85.9723 2.54832 71.2809
-0.625 83.125 2.58299 70.4899
0.839426 -177.03 0.698323 135.591
0.781091 -161.425 0.663104 127.217
-0.674306 85.9723 2.54832 71.2809
-0.625 83.125 2.58299 70.4899
0.839426 -177.03 0.698323 135.591
0.781091 -161.425 0.663104 127.217
-0.674306 85.9723 2.54832 71.2809
0.839426 -177.03 0.698323 135.591
0.781091 -161.425 0.663104 127.217
-0.67491 84.8215 2.54791 70.3071
0.839426 -177.03 0.698323 135.591
0.781091 -160.425 0.663104 126.429
-0.67491 84.8215 2.54791 70.3071
0.838773 -176.473 0.69794 135.208
-0.625 83.125 2.58299 70.4899
0.838773 -176.473 0.69794 135.208
-0.674306 84.298 2.54832 69.8927
-0.625 77.875 2.58299 66.0379
-0.625 77.875 2.58299 66.0379
-0.625 77.875 2.58299 66.0379
-0.577367 74.4758 2.61798 64.4974
-0.625 77.875 2.58299 66.0379
-0.577367 74.4758 2.61798 64.4974
0.838773 -170.957 0.69794 130.982
-0.674306 81.6236 2.54832 67.6754
0.901077 -187.3 0.73341 139.145
-0.625 77.875 2.58299 66.0379
0.838773 -170.957 0.69794 130.982
0.899798 -186.231 0.732704 138.439
-0.577367 74.4758 2.61798 64.4974
-0.625 77.875 2.58299 66.0379
0.839426 -170.512 0.698323 130.599
0.899798 -186.231 0.732704 138.439
-0.577367 73.4758 2.61798 63.6314
0.781091 -154.082 0.663104 121.43
-0.625 76.25 2.58299 64.6599
0.839426 -168.672 0.698323 129.19
0.899798 -186.231 0.732704 138.439
-0.577367 73.4758 2.61798 63.6314
0.899798 -186.231 0.732704 138.439
-0.625 76.25 2.58299 64.6599
0.839426 -168.672 0.698323 129.19
-0.577367 73.4758 2.61798 63.6314
-0.625 76.25 2.58299 64.6599
0.900404 -184.837 0.733038 137.361
0.838773 -168.118 0.69794 128.807
-0.577367 73.4758 2.61798 63.6314
0.965254 -203.473 0.76772 146.398
0.900404 -184.837 0.733038 137.361
0.838773 -168.118 0.69794 128.807
-0.625 76.25 2.58299 64.6599
0.900404 -184.837 0.733038 137.361
0.838773 -168.118 0.69794 128.807
-0.625 75.25 2.58299 63.8119
0.900404 -184.837 0.733038 137.361
0.839426 -166.833 0.698323 127.781
0.839426 -166.833 0.698323 127.781
0.900404 -184.837 0.733038 137.361
-0.577367 73.4758 2.61798 63.6314
-0.532011 68.6623 2.65267 60.6176
-0.577367 73.4758 2.61798 63.6314
-0.532011 68.6623 2.65267 60.6176
-0.577367 73.4758 2.61798 63.6314
-0.53171 69.9196 2.6529 61.7353
0.965925 -202.058 0.768067 145.331
1.036 -218.942 0.803077 152.054
-0.577367 73.4758 2.61798 63.6314
-0.53171 69.9196 2.6529 61.7353
0.965925 -202.058 0.768067 145.331
0.899798 -186.231 0.732704 138.439
-0.577367 71.8984 2.61798 62.2654
0.965925 -202.058 0.768067 145.331
-0.53171 69.9196 2.6529 61.7353
0.899798 -186.231 0.732704 138.439
0.965254 -203.473 0.76772 146.398
-0.577367 71.8984 2.61798 62.2654
-0.53171 69.9196 2.6529 61.7353
0.899798 -186.231 0.732704 138.439
0.965254 -203.473 0.76772 146.398
-0.577367 71.8984 2.61798 62.2654
0.899798 -186.231 0.732704 138.439
-0.53171 69.9196 2.6529 61.7353
1.03525 -222.413 0.802717 154.522
0.965254 -203.473 0.76772 146.398
-0.577367 71.8984 2.61798 62.2654
0.899798 -186.231 0.732704 138.439
-0.53171 69.9196 2.6529 61.7353
0.965949 -205.01 0.768079 147.453
0.899798 -186.231 0.732704 138.439
-0.577367 71.8984 2.61798 62.2654
0.899798 -186.231 0.732704 138.439
0.965949 -205.01 0.768079 147.453
-0.577367 71.8984 2.61798 62.2654
-0.53171 69.9196 2.6529 61.7353
0.965949 -205.01 0.768079 147.453
0.899798 -186.231 0.732704 138.439
0.965949 -205.01 0.768079 147.453
0.899798 -186.231 0.732704 138.439
0.965949 -205.01 0.768079 147.453
-0.577367 71.8984 2.61798 62.2654
-0.577367 71.8984 2.61798 62.2654
-0.577367 71.8984 2.61798 62.2654
0.965254 -205.438 0.76772 147.812
-0.577367 70.8984 2.61798 61.3994
-0.624632 74.9252 2.58326 63.5469
0.965254 -205.438 0.76772 147.812
0.900404 -189.638 0.733038 140.928
-0.577367 71.8984 2.61798 62.2654
-0.624632 74.9252 2.58326 63.5469
0.900404 -189.638 0.733038 140.928
0.965254 -205.438 0.76772 147.812
-0.577367 71.8984 2.61798 62.2654
-0.624632 74.9252 2.58326 63.5469
0.900404 -188.638 0.733038 140.185
0.965254 -205.438 0.76772 147.812
0.900404 -188.638 0.733038 140.185
-0.577367 71.8984 2.61798 62.2654
0.965949 -206.976 0.768079 148.867
0.900404 -188.638 0.733038 140.185
-0.577367 71.8984 2.61798 62.2654
0.965949 -206.976 0.768079 148.867
0.900404 -188.638 0.733038 140.185
-0.577367 71.8984 2.61798 62.2654
0.965949 -206.976 0.768079 148.867
0.900404 -188.638 0.733038 140.185
0.965949 -206.976 0.768079 148.867
-0.625 73.625 2.58299 62.4339
0.900404 -188.638 0.733038 140.185
0.965949 -206.976 0.768079 148.867
-0.625 73.625 2.58299 62.4339
0.900404 -188.638 0.733038 140.185
0.965949 -206.976 0.768079 148.867
-0.625 73.625 2.58299 62.4339
0.965949 -206.976 0.768079 148.867
0.900404 -188.638 0.733038 140.185
-0.577367 73.4758 2.61798 63.6314
-0.577367 73.4758 2.61798 63.6314
-0.53171 69.9196 2.6529 61.7353
-0.577367 73.4758 2.61798 63.6314
-0.577367 73.4758 2.61798 63.6314
-0.577367 73.4758 2.61798 63.6314
0.900404 -191.538 0.733038 142.341
-0.625 77.875 2.58299 66.0379
0.965925 -207.956 0.768067 149.574
-0.577367 73.4758 2.61798 63.6314
0.900404 -191.538 0.733038 142.341
-0.625 76.25 2.58299 64.6599
0.965925 -207.956 0.768067 149.574
-0.577367 74.4758 2.61798 64.4974
0.900404 -191.538 0.733038 142.341
0.965254 -209.369 0.76772 150.64
0.901077 -193.003 0.73341 143.381
-0.577367 74.4758 2.61798 64.4974
-0.625 77.875 2.58299 66.0379
0.965254 -211.334 0.76772 152.054
-0.577367 73.4758 2.61798 63.6314
0.900404 -191.538 0.733038 142.341
0.965254 -209.369 0.76772 150.64
0.839426 -175.191 0.698323 134.182
0.900404 -193.439 0.733038 143.753
-0.625 77.875 2.58299 66.0379
-0.577367 74.4758 2.61798 64.4974
0.96662 -212.462 0.768427 152.761
0.900404 -193.439 0.733038 143.753
-0.577367 76.0531 2.61798 65.8635
0.96662 -212.462 0.768427 152.761
0.901077 -194.904 0.73341 144.794
-0.625 77.875 2.58299 66.0379
-0.577367 76.0531 2.61798 65.8635
0.839426 -177.03 0.698323 135.591
-0.625 77.875 2.58299 66.0379
0.899798 -195.73 0.732704 145.5
0.899798 -195.73 0.732704 145.5
-0.577367 78.6305 2.61798 68.0955
-0.577367 78.6305 2.61798 68.0955
-0.625 83.125 2.58299 70.4899
-0.577367 79.6305 2.61798 68.9615
-0.625 83.125 2.58299 70.4899
-0.625 83.125 2.58299 70.4899
-0.577367 79.6305 2.61798 68.9615
0.899798 -195.73 0.732704 145.5
0.839426 -180.709 0.698323 138.409
-0.625 83.125 2.58299 70.4899
-0.577367 79.6305 2.61798 68.9615
0.839426 -180.709 0.698323 138.409
0.900404 -197.24 0.733038 146.578
-0.625 83.125 2.58299 70.4899
0.838226 -181.521 0.697619 139.113
-0.577367 79.6305 2.61798 68.9615
0.900404 -197.24 0.733038 146.578
-0.625 83.125 2.58299 70.4899
0.838226 -181.521 0.697619 139.113
0.900471 -198.196 0.733075 147.284
-0.577367 80.2079 2.61798 69.4615
-0.625 83.125 2.58299 70.4899
0.838226 -181.521 0.697619 139.113
0.900404 -199.14 0.733038 147.99
-0.577367 80.2079 2.61798 69.4615
-0.625 83.125 2.58299 70.4899
0.839426 -182.548 0.698323 139.818
0.900471 -200.097 0.733075 148.696
-0.577367 80.2079 2.61798 69.4615
-0.625 83.125 2.58299 70.4899
0.839426 -182.548 0.698323 139.818
0.900471 -200.097 0.733075 148.696
-0.625 83.75 2.58299 71.0199
-0.674306 85.9723 2.54832 71.2809
-0.625 83.75 2.58299 71.0199
-0.67491 84.8215 2.54791 70.3071
-0.625 83.75 2.58299 71.0199
-0.67491 88.1713 2.54791 73.0837
-0.625 83.125 2.58299 70.4899
-0.67491 88.1713 2.54791 73.0837
-0.625 83.125 2.58299 70.4899
-0.625 83.125 2.58299 70.4899
-0.67491 88.1713 2.54791 73.0837
0.838878 -185.757 0.698002 142.314
-0.67491 86.4964 2.54791 71.6954
-0.625 83.125 2.58299 70.4899
-4.70433 821.123 1.78025 170.732
-0.625 83.75 2.58299 71.0199
0.781091 -169.549 0.663104 133.619
-0.67491 86.4964 2.54791 71.6954
-4.70433 821.123 1.78025 170.732
-5.65805 974.394 1.74573 169.586
0.838878 -185.757 0.698002 142.314
-0.67491 86.4964 2.54791 71.6954
0.781091 -169.549 0.663104 133.619
-5.65805 974.394 1.74573 169.586
-4.70433 821.123 1.78025 170.732
0.838773 -184.828 0.69794 141.61
-0.67491 86.4964 2.54791 71.6954
-5.67435 974.28 1.74524 169.093
0.781091 -169.549 0.663104 133.619
-4.70433 821.123 1.78025 170.732
-7.10036 1198.61 1.71071 167.16
0.726823 -154.058 0.628502 124.619
14.25 -2563.25 1.50074 179.436
-0.67491 86.4964 2.54791 71.6954
-5.67435 974.28 1.74524 169.093
-4.70433 821.123 1.78025 170.732
0.781091 -168.549 0.663104 132.831
-7.10036 1198.61 1.71071 167.16
0.838773 -184.828 0.69794 141.61
14.25 -2563.25 1.50074 179.436
-0.674306 85.9723 2.54832 71.2809
0.781091 -168.549 0.663104 132.831
-5.67435 974.28 1.74524 169.093
-7.1223 1198.18 1.71029 166.595
-4.70433 821.123 1.78025 170.732
0.838773 -184.828 0.69794 141.61
-0.674306 85.9723 2.54832 71.2809
0.781091 -168.549 0.663104 132.831
-5.67435 974.28 1.74524 169.093
-7.1223 1198.18 1.71029 166.595
-0.674306 85.9723 2.54832 71.2809
-0.67491 84.8215 2.54791 70.3071
-0.901077 194.904 2.40818 144.794
-0.838878 185.757 2.44359 142.314
-0.965949 205.01 2.37351 147.453
-1.03525 222.413 2.33888 154.522
-0.965254 211.334 2.37387 152.054
-0.899798 202.43 2.40889 150.48
-0.67491 84.8215 2.54791 70.3071
-1.11061 243.384 2.30383 162.856
-0.624632 80.7991 2.58326 68.5288
-0.624632 80.7991 2.58326 68.5288
-0.624632 80.7991 2.58326 68.5288
-0.674306 85.9723 2.54832 71.2809
0.839426 -180.709 0.698323 138.409
-0.625 82.125 2.58299 69.6419
-0.67491 84.8215 2.54791 70.3071
0.781091 -164.987 0.663104 130.024
0.839426 -180.709 0.698323 138.409
-0.577367 77.6305 2.61798 67.2295
-0.625 82.125 2.58299 69.6419
0.781091 -164.987 0.663104 130.024
-0.67491 84.8215 2.54791 70.3071
0.839426 -180.709 0.698323 138.409
-0.577367 77.6305 2.61798 67.2295
-0.625 82.125 2.58299 69.6419
-0.67491 84.8215 2.54791 70.3071
0.839426 -180.709 0.698323 138.409
0.781091 -164.987 0.663104 130.024
-0.577367 78.6305 2.61798 68.0955
-0.625 82.125 2.58299 69.6419
-0.67491 84.8215 2.54791 70.3071
0.781726 -164.538 0.663498 129.63
0.839426 -180.709 0.698323 138.409
-0.577367 78.6305 2.61798 68.0955
-0.625 82.125 2.58299 69.6419
-0.67491 84.8215 2.54791 70.3071
0.781726 -164.538 0.663498 129.63
0.839426 -180.709 0.698323 138.409
-0.625 82.125 2.58299 69.6419
-0.67491 84.8215 2.54791 70.3071
0.839426 -180.709 0.698323 138.409
0.781726 -164.538 0.663498 129.63
-0.625 82.125 2.58299 69.6419
-0.67491 84.8215 2.54791 70.3071
0.839426 -180.709 0.698323 138.409
0.781726 -164.538 0.663498 129.63
-0.67491 84.8215 2.54791 70.3071
-0.625 82.125 2.58299 69.6419
0.839426 -180.709 0.698323 138.409
-0.67491 84.8215 2.54791 70.3071
-0.67491 84.8215 2.54791 70.3071
-0.625 80.5 2.58299 68.2639
-0.625 80.5 2.58299 68.2639
0.839426 -180.709 0.698323 138.409
-0.625 80.5 2.58299 68.2639
0.839426 -180.709 0.698323 138.409
-0.625 80.5 2.58299 68.2639
0.839426 -180.709 0.698323 138.409
-0.674306 84.298 2.54832 69.8927
0.781091 -166.768 0.663104 131.428
-0.577367 77.0531 2.61798 66.7295
-0.625 80.5 2.58299 68.2639
-0.674306 84.298 2.54832 69.8927
0.839426 -180.709 0.698323 138.409
0.781091 -164.987 0.663104 130.024
-0.577367 77.0531 2.61798 66.7295
-0.624632 80.7991 2.58326 68.5288
-0.674306 84.298 2.54832 69.8927
0.839426 -180.709 0.698323 138.409
0.781091 -164.987 0.663104 130.024
-0.577367 77.0531 2.61798 66.7295
-0.624632 80.7991 2.58326 68.5288
-0.674306 84.298 2.54832 69.8927
0.781726 -164.538 0.663498 129.63
0.839426 -180.709 0.698323 138.409
-0.577367 77.6305 2.61798 67.2295
-0.624632 80.7991 2.58326 68.5288
0.839426 -180.709 0.698323 138.409
0.781726 -164.538 0.663498 129.63
-0.577367 77.6305 2.61798 67.2295
-0.625 82.125 2.58299 69.6419
0.838773 -179.312 0.69794 137.383
0.781091 -163.206 0.663104 128.62
-0.577367 78.6305 2.61798 68.0955
-0.625 82.125 2.58299 69.6419
0.781091 -163.206 0.663104 128.62
0.838773 -179.312 0.69794 137.383
-0.625 82.125 2.58299 69.6419
0.838773 -179.312 0.69794 137.383
0.781091 -163.206 0.663104 128.62
-0.625 82.125 2.58299 69.6419
-0.67491 84.8215 2.54791 70.3071
0.838773 -179.312 0.69794 137.383
-0.67491 84.8215 2.54791 70.3071
-0.625 83.75 2.58299 71.0199
-0.625 83.75 2.58299 71.0199
-0.625 82.125 2.58299 69.6419
-0.625 82.125 2.58299 69.6419
0.838226 -181.521 0.697619 139.113
-0.67491 86.4964 2.54791 71.6954
-0.625 82.125 2.58299 69.6419
0.838226 -181.521 0.697619 139.113
0.781726 -167.32 0.663498 131.822
-0.674306 85.9723 2.54832 71.2809
-0.577367 78.6305 2.61798 68.0955
-0.625 82.125 2.58299 69.6419
0.781726 -167.32 0.663498 131.822
0.839426 -182.548 0.698323 139.818
-0.674306 85.9723 2.54832 71.2809
-0.577367 78.6305 2.61798 68.0955
-0.625 82.125 2.58299 69.6419
-0.67491 84.8215 2.54791 70.3071
0.781726 -167.32 0.663498 131.822
0.838878 -183.918 0.698002 140.905
-0.625 82.125 2.58299 69.6419
0.838878 -183.918 0.698002 140.905
0.781091 -168.549 0.663104 132.831
-0.577367 77.6305 2.61798 67.2295
-0.625 82.125 2.58299 69.6419
0.781091 -168.549 0.663104 132.831
0.838878 -183.918 0.698002 140.905
-0.674306 84.298 2.54832 69.8927
0.781091 -168.549 0.663104 132.831
0.838773 -184.828 0.69794 141.61
-0.625 82.125 2.58299 69.6419
0.781091 -168.549 0.663104 132.831
0.838773 -184.828 0.69794 141.61
-0.625 82.125 2.58299 69.6419
0.781091 -168.549 0.663104 132.831
0.838773 -184.828 0.69794 141.61
-0.625 82.125 2.58299 69.6419
-0.67491 84.8215 2.54791 70.3071
-0.67491 84.8215 2.54791 70.3071
-0.625 82.125 2.58299 69.6419
-0.625 82.125 2.58299 69.6419
-0.67491 86.4964 2.54791 71.6954
-0.67491 86.4964 2.54791 71.6954
-0.625 82.125 2.58299 69.6419
-0.67491 86.4964 2.54791 71.6954
-0.625 82.125 2.58299 69.6419
-0.67491 86.4964 2.54791 71.6954
-0.625 82.125 2.58299 69.6419
-5.67435 974.28 1.74524 169.093
0.781091 -169.549 0.663104 133.619
-7.10036 1198.61 1.71071 167.16
-0.674306 85.9723 2.54832 71.2809
-0.625 82.125 2.58299 69.6419
0.781091 -168.549 0.663104 132.831
-5.67435 974.28 1.74524 169.093
-7.10036 1198.61 1.71071 167.16
0.726823 -154.058 0.628502 124.619
-0.674306 85.9723 2.54832 71.2809
-0.625 82.125 2.58299 69.6419
-7.10036 1198.61 1.71071 167.16
-5.67723 968.582 1.74515 168.022
0.781091 -168.549 0.663104 132.831
-0.674306 85.9723 2.54832 71.2809
0.781091 -168.549 0.663104 132.831
-7.1223 1198.18 1.71029 166.595
-0.625 82.125 2.58299 69.6419
0.726205 -153.513 0.628098 124.215
-5.67723 968.582 1.74515 168.022
14.25 -2549 1.50074 178.438
9.51675 -1688.69 1.4661 176.472
-0.674306 85.9723 2.54832 71.2809
0.781091 -168.549 0.663104 132.831
-0.625 82.125 2.58299 69.6419
-7.1223 1198.18 1.71029 166.595
0.726205 -153.513 0.628098 124.215
-5.67723 968.582 1.74515 168.022
9.51675 -1679.17 1.4661 175.478
-9.51675 1573.49 1.67549 164.434
-0.67491 84.8215 2.54791 70.3071
-0.625 82.125 2.58299 69.6419
0.781726 -167.32 0.663498 131.822
-7.1223 1198.18 1.71029 166.595
0.726205 -151.787 0.628098 122.818
-5.67723 962.905 1.74515 167.037
-0.67491 84.8215 2.54791 70.3071
-0.625 82.125 2.58299 69.6419
0.781726 -167.32 0.663498 131.822
-7.1223 1198.18 1.71029 166.595
0.726205 -151.787 0.628098 122.818
-0.67491 84.8215 2.54791 70.3071
-0.625 82.125 2.58299 69.6419
-0.900404 188.638 2.40855 140.185
-0.839426 178.869 2.44327 137
-0.67491 84.8215 2.54791 70.3071
-1.03525 214.272 2.33888 148.867
-0.965254 203.473 2.37387 146.398
-0.900404 193.439 2.40855 143.753
-1.036 220.978 2.33852 153.468
-1.11061 231.72 2.30383 155.051
-0.965925 209.922 2.37353 150.988
-0.67491 84.8215 2.54791 70.3071
-0.726205 86.2744 2.51349 69.8087
-0.625 76.25 2.58299 64.6599
-0.625 76.25 2.58299 64.6599
-0.625 76.25 2.58299 64.6599
-0.625 76.25 2.58299 64.6599
-0.577367 71.8984 2.61798 62.2654
-0.625 75.25 2.58299 63.8119
-0.577367 71.8984 2.61798 62.2654
0.839426 -172.351 0.698323 132.007
-0.625 75.25 2.58299 63.8119
-0.577367 71.8984 2.61798 62.2654
0.839426 -172.351 0.698323 132.007
0.781091 -156.863 0.663104 123.621
-0.625 75.25 2.58299 63.8119
0.838773 -170.957 0.69794 130.982
-0.577367 71.8984 2.61798 62.2654
0.781726 -156.411 0.663498 123.227
-0.625 75.25 2.58299 63.8119
0.838773 -170.957 0.69794 130.982
-0.577367 71.8984 2.61798 62.2654
0.781091 -155.082 0.663104 122.218
0.839426 -170.512 0.698323 130.599
-0.624632 74.9252 2.58326 63.5469
-0.577367 71.8984 2.61798 62.2654
0.781091 -155.082 0.663104 122.218
0.899798 -186.231 0.732704 138.439
0.839426 -168.672 0.698323 129.19
-0.624632 74.9252 2.58326 63.5469
0.899798 -186.231 0.732704 138.439
0.781091 -154.082 0.663104 121.43
0.839426 -168.672 0.698323 129.19
-0.624632 74.9252 2.58326 63.5469
-0.577367 71.8984 2.61798 62.2654
0.900404 -184.837 0.733038 137.361
0.781091 -153.301 0.663104 120.814
0.839426 -168.672 0.698323 129.19
-0.624632 74.9252 2.58326 63.5469
0.899798 -186.231 0.732704 138.439
0.899798 -184.332 0.732704 137.026
0.839426 -166.833 0.698323 127.781
0.899798 -184.332 0.732704 137.026
0.839426 -166.833 0.698323 127.781
0.899798 -184.332 0.732704 137.026
0.839426 -166.833 0.698323 127.781
0.900404 -182.937 0.733038 135.949
-0.625 71 2.58299 60.2079
0.965254 -194.612 0.76772 140.023
0.899798 -179.532 0.732704 133.458
0.965254 -194.612 0.76772 140.023
-0.625 71 2.58299 60.2079
0.899798 -179.532 0.732704 133.458
0.965254 -194.612 0.76772 140.023
0.900404 -179.136 0.733038 133.124
0.965254 -194.612 0.76772 140.023
0.900404 -179.136 0.733038 133.124
1.03525 -214.272 0.802717 148.867
0.965254 -194.612 0.76772 140.023
0.900404 -179.136 0.733038 133.124
1.03525 -214.272 0.802717 148.867
0.965254 -194.612 0.76772 140.023
0.900404 -179.136 0.733038 133.124
1.03525 -214.272 0.802717 148.867
0.965254 -194.612 0.76772 140.023
0.900404 -177.236 0.733038 131.712
1.036 -212.834 0.803077 147.812
0.965254 -194.612 0.76772 140.023
0.901077 -176.795 0.73341 131.34
1.036 -212.834 0.803077 147.812
0.965254 -194.612 0.76772 140.023
1.036 -212.834 0.803077 147.812
0.901077 -176.795 0.73341 131.34
0.965254 -194.612 0.76772 140.023
1.036 -212.834 0.803077 147.812
0.901077 -176.795 0.73341 131.34
0.965254 -194.612 0.76772 140.023
0.901077 -176.795 0.73341 131.34
1.036 -212.834 0.803077 147.812
0.965254 -194.612 0.76772 140.023
0.965949 -199.112 0.768079 143.211
0.965949 -199.112 0.768079 143.211
0.899798 -184.332 0.732704 137.026
-0.577367 69.321 2.61798 60.0333
0.965949 -199.112 0.768079 143.211
0.900404 -182.937 0.733038 135.949
-0.577367 69.321 2.61798 60.0333
0.965925 -200.092 0.768067 143.917
0.900404 -182.937 0.733038 135.949
0.965949 -199.112 0.768079 143.211
-0.577367 70.321 2.61798 60.8994
0.900404 -182.937 0.733038 135.949
1.03528 -217.328 0.802729 150.988
0.965925 -200.092 0.768067 143.917
-0.577367 70.321 2.61798 60.8994
0.900404 -182.937 0.733038 135.949
-0.625 72.625 2.58299 61.5859
1.036 -218.942 0.803077 152.054
-0.531144 67.872 2.65334 59.9415
0.965925 -200.092 0.768067 143.917
-0.577367 70.321 2.61798 60.8994
0.900404 -182.937 0.733038 135.949
1.036 -218.942 0.803077 152.054
0.965925 -200.092 0.768067 143.917
0.900404 -182.937 0.733038 135.949
-0.577367 70.8984 2.61798 61.3994
1.036 -218.942 0.803077 152.054
0.965925 -200.092 0.768067 143.917
0.900404 -182.937 0.733038 135.949
-0.577367 70.8984 2.61798 61.3994
0.965254 -201.508 0.76772 144.984
0.900404 -182.937 0.733038 135.949
-0.577367 70.8984 2.61798 61.3994
1.03453 -219.799 0.80237 152.761
0.965254 -201.508 0.76772 144.984
0.899798 -184.332 0.732704 137.026
-0.577367 70.8984 2.61798 61.3994
0.965925 -202.058 0.768067 145.331
0.899798 -184.332 0.732704 137.026
-0.625 76.25 2.58299 64.6599
-0.577367 71.8984 2.61798 62.2654
-0.625 76.25 2.58299 64.6599
-0.577367 71.8984 2.61798 62.2654
-0.625 77.875 2.58299 66.0379
-0.577367 71.8984 2.61798 62.2654
0.839426 -178.869 0.698323 137
-0.625 77.875 2.58299 66.0379
-0.577367 73.4758 2.61798 63.6314
0.839426 -178.869 0.698323 137
-0.625 77.875 2.58299 66.0379
-0.577367 73.4758 2.61798 63.6314
0.900404 -193.439 0.733038 143.753
0.839426 -178.869 0.698323 137
-0.625 77.875 2.58299 66.0379
0.838773 -179.312 0.69794 137.383
0.900404 -193.439 0.733038 143.753
-0.577367 73.4758 2.61798 63.6314
-0.625 77.875 2.58299 66.0379
0.838773 -179.312 0.69794 137.383
-0.577367 73.4758 2.61798 63.6314
0.900404 -193.439 0.733038 143.753
-3.07767 513.728 1.88496 158.751
-0.625 77.875 2.58299 66.0379
0.838773 -179.312 0.69794 137.383
-0.577367 73.4758 2.61798 63.6314
-3.07767 513.728 1.88496 158.751
-28.5571 5004 1.6058 175.12
0.901077 -194.904 0.73341 144.794
-0.67491 82.1466 2.54791 68.0899
-0.625 77.875 2.58299 66.0379
0.839426 -180.709 0.698323 138.409
-3.4882 579.439 1.84999 159.682
0.899798 -195.73 0.732704 145.5
-0.577367 73.4758 2.61798 63.6314
-4.01863 659.379 1.81468 159.225
-0.625 77.875 2.58299 66.0379
0.839426 -180.709 0.698323 138.409
-3.49002 583.708 1.84985 160.781
-3.07767 523.961 1.88496 161.914
0.899798 -195.73 0.732704 145.5
-0.577367 73.4758 2.61798 63.6314
0.781726 -164.538 0.663498 129.63
0.781091 -166.768 0.663104 131.428
-0.625 77.875 2.58299 66.0379
0.839426 -180.709 0.698323 138.409
0.781091 -164.987 0.663104 130.024
-0.577367 73.4758 2.61798 63.6314
0.900404 -197.24 0.733038 146.578
-3.07767 523.961 1.88496 161.914
-0.577367 76.0531 2.61798 65.8635
-3.49002 583.708 1.84985 160.781
-0.625 79.5 2.58299 67.4159
0.839426 -180.709 0.698323 138.409
-0.67491 82.1466 2.54791 68.0899
0.781091 -166.768 0.663104 131.428
0.900471 -198.196 0.733075 147.284
-0.577367 74.4758 2.61798 64.4974
-0.625 79.5 2.58299 67.4159
0.838226 -181.521 0.697619 139.113
0.781091 -166.768 0.663104 131.428
-0.577367 74.4758 2.61798 64.4974
-0.625 80.5 2.58299 68.2639
0.838226 -181.521 0.697619 139.113
0.781726 -167.32 0.663498 131.822
-0.6739 82.9451 2.5486 68.784
-0.577367 76.0531 2.61798 65.8635
-0.726205 157.965 2.51349 127.817
-0.625 80.5 2.58299 68.2639
0.838226 -181.521 0.697619 139.113
0.781726 -167.32 0.663498 131.822
-0.6739 82.9451 2.5486 68.784
-0.577367 77.0531 2.61798 66.7295
-0.839426 180.709 2.44327 138.409
-0.781091 173.112 2.47849 136.427
-0.625 80.5 2.58299 68.2639
0.781726 -167.32 0.663498 131.822
0.839426 -182.548 0.698323 139.818
-0.67491 84.8215 2.54791 70.3071
-0.838773 186.667 2.44365 143.018
-0.899798 195.73 2.40889 145.5
-0.577367 77.0531 2.61798 66.7295
-0.781726 179.01 2.47809 141.032
-0.625 80.5 2.58299 68.2639
0.781726 -167.32 0.663498 131.822
0.839426 -182.548 0.698323 139.818
-0.674306 84.298 2.54832 69.8927
-0.900404 202.941 2.40855 150.814
-0.839426 194.585 2.44327 149.037
-0.965254 213.3 2.37387 153.468
-0.624632 80.7991 2.58326 68.5288
0.781091 -168.549 0.663104 132.831
0.838878 -183.918 0.698002 140.905
-0.624632 80.7991 2.58326 68.5288
0.781091 -168.549 0.663104 132.831
-0.67491 84.8215 2.54791 70.3071
0.838773 -184.828 0.69794 141.61
0.726205 -155.239 0.628098 125.611
-0.624632 80.7991 2.58326 68.5288
0.781091 -169.549 0.663104 133.619
-0.67491 84.8215 2.54791 70.3071
0.726823 -154.058 0.628502 124.619
0.838878 -183.918 0.698002 140.905
0.781091 -169.549 0.663104 133.619
-0.67491 84.8215 2.54791 70.3071
-0.625 82.125 2.58299 69.6419
0.726823 -155.785 0.628502 126.016
0.838878 -185.757 0.698002 142.314
-0.674306 85.9723 2.54832 71.2809
0.781091 -169.549 0.663104 133.619
-0.625 82.125 2.58299 69.6419
0.726205 -155.239 0.628098 125.611
0.838773 -184.828 0.69794 141.61
-0.674306 85.9723 2.54832 71.2809
0.781726 -170.883 0.663498 134.629
-0.625 82.125 2.58299 69.6419
0.726823 -155.785 0.628502 126.016
-0.674306 85.9723 2.54832 71.2809
0.781726 -170.883 0.663498 134.629
-0.625 82.125 2.58299 69.6419
0.726823 -155.785 0.628502 126.016
-0.726205 90.7268 2.51349 73.4113
-0.674306 85.9723 2.54832 71.2809
0.781091 -171.331 0.663104 135.023
-0.625 82.125 2.58299 69.6419
0.726823 -157.512 0.628502 127.413
-0.726205 90.7268 2.51349 73.4113
-0.674306 85.9723 2.54832 71.2809
0.781091 -171.331 0.663104 135.023
0.726823 -157.512 0.628502 127.413
-0.625 82.125 2.58299 69.6419
-0.726205 90.7268 2.51349 73.4113
-0.67491 86.4964 2.54791 71.6954
0.781091 -171.331 0.663104 135.023
0.726823 -157.512 0.628502 127.413
-0.625 82.125 2.58299 69.6419
-0.726823 91.9802 2.51309 74.4036
-0.67491 86.4964 2.54791 71.6954
0.781091 -171.331 0.663104 135.023
0.726205 -157.965 0.628098 127.817
-0.625 82.125 2.58299 69.6419
-0.67491 86.4964 2.54791 71.6954
0.726205 -157.965 0.628098 127.817
0.781091 -173.112 0.663104 136.427
-0.625 82.125 2.58299 69.6419
-0.67491 88.1713 2.54791 73.0837
0.726205 -157.965 0.628098 127.817
-0.726205 90.7268 2.51349 73.4113
0.781091 -173.112 0.663104 136.427
-0.625 83.75 2.58299 71.0199
-0.625 82.125 2.58299 69.6419
-0.67491 88.1713 2.54791 73.0837
0.726205 -157.965 0.628098 127.817
-0.726205 90.7268 2.51349 73.4113
0.781091 -173.112 0.663104 136.427
-0.625 83.75 2.58299 71.0199
-0.625 82.125 2.58299 69.6419
-0.67491 88.1713 2.54791 73.0837
0.726823 -159.239 0.628502 128.81
-0.726823 91.9802 2.51309 74.4036
0.781091 -173.112 0.663104 136.427
-0.625 83.75 2.58299 71.0199
-0.67491 88.1713 2.54791 73.0837
0.726823 -159.239 0.628502 128.81
-0.726823 91.9802 2.51309 74.4036
0.781091 -173.112 0.663104 136.427
0.67491 -144.719 0.593688 119.955
-0.674306 88.6466 2.54832 73.4982
-0.726823 91.9802 2.51309 74.4036
0.726823 -159.239 0.628502 128.81
0.781091 -173.112 0.663104 136.427
-0.625 84.75 2.58299 71.8679
-0.674306 88.6466 2.54832 73.4982
0.726823 -160.239 0.628502 129.618
-0.726823 91.9802 2.51309 74.4036
0.781091 -173.112 0.663104 136.427
0.674306 -145.853 0.593273 120.929
-0.625 84.75 2.58299 71.8679
-0.726823 92.9802 2.51309 75.2126
-0.674306 88.6466 2.54832 73.4982
0.726823 -160.239 0.628502 129.618
0.781091 -173.112 0.663104 136.427
0.674306 -145.853 0.593273 120.929
-0.726823 92.9802 2.51309 75.2126
-0.674306 88.6466 2.54832 73.4982
0.726823 -160.239 0.628502 129.618
0.781091 -174.893 0.663104 137.83
0.674306 -145.853 0.593273 120.929
-0.726823 92.9802 2.51309 75.2126
0.726205 -161.418 0.628098 130.611
-0.674306 88.6466 2.54832 73.4982
0.67491 -147.394 0.593688 122.172
0.781726 -175.447 0.663498 138.224
-0.726823 92.9802 2.51309 75.2126
0.726205 -161.418 0.628098 130.611
-0.674306 88.6466 2.54832 73.4982
0.674306 -146.853 0.593273 121.758
0.781091 -174.893 0.663104 137.83
-0.726205 94.1793 2.51349 76.2048
0.726205 -161.418 0.628098 130.611
-0.674306 88.6466 2.54832 73.4982
0.674306 -146.853 0.593273 121.758
-0.726205 94.1793 2.51349 76.2048
0.726205 -161.418 0.628098 130.611
-0.67491 89.8462 2.54791 74.472
0.67491 -147.394 0.593688 122.172
-0.781726 98.5228 2.47809 77.6205
-0.726205 94.1793 2.51349 76.2048
0.726205 -161.418 0.628098 130.611
-0.67491 89.8462 2.54791 74.472
0.67491 -147.394 0.593688 122.172
-0.726823 94.7071 2.51309 76.6094
0.726205 -161.418 0.628098 130.611
-0.67491 89.8462 2.54791 74.472
0.67491 -147.394 0.593688 122.172
-0.726823 94.7071 2.51309 76.6094
0.726205 -161.418 0.628098 130.611
-0.67491 90.8462 2.54791 75.3009
0.67491 -147.394 0.593688 122.172
-0.726823 96.4339 2.51309 78.0062
0.726205 -161.418 0.628098 130.611
-0.67491 90.8462 2.54791 75.3009
0.67491 -147.394 0.593688 122.172
-0.726823 96.4339 2.51309 78.0062
0.726205 -161.418 0.628098 130.611
0.674306 -148.527 0.593273 123.146
-0.67491 90.8462 2.54791 75.3009
0.781091 -177.674 0.663104 140.022
-0.726823 96.4339 2.51309 78.0062
0.674306 -148.527 0.593273 123.146
0.726823 -161.965 0.628502 131.015
-0.6739 91.6407 2.5486 75.995
-0.726205 96.9055 2.51349 78.4107
0.674306 -148.527 0.593273 123.146
0.726823 -161.965 0.628502 131.015
-0.6739 91.6407 2.5486 75.995
