0.726205 -119.894 0.628098 97.0116
0.726205 -119.894 0.628098 97.0116
0.726205 -119.894 0.628098 97.0116
-1.37702 171.227 2.19889 100.614
-1.37585 172.82 2.1993 101.607
0.726205 -118.168 0.628098 95.6149
-1.37585 172.82 2.1993 101.607
0.726205 -119.894 0.628098 97.0116
0.726205 -118.168 0.628098 95.6149
-1.37702 171.227 2.19889 100.614
0.726205 -118.168 0.628098 95.6149
0.781091 -136.052 0.663104 107.221
0.674306 -103.367 0.593273 85.7029
-1.37702 171.227 2.19889 100.614
0.726205 -119.894 0.628098 97.0116
-1.37585 172.82 2.1993 101.607
-1.37585 172.82 2.1993 101.607
0.726823 -120.429 0.628502 97.4161
-1.28026 163.781 2.2339 100.818
0.726205 -121.62 0.628098 98.4084
-1.28026 163.781 2.2339 100.818
-1.37585 172.82 2.1993 101.607
0.726205 -121.62 0.628098 98.4084
0.781091 -138.833 0.663104 109.412
0.67491 -107.245 0.593688 88.894
0.726205 -121.62 0.628098 98.4084
-1.37702 175.981 2.19889 103.408
-1.37585 176.571 2.1993 103.812
-1.37702 175.981 2.19889 103.408
0.726823 -120.429 0.628502 97.4161
0.726205 -121.62 0.628098 98.4084
-1.37585 176.571 2.1993 103.812
0.674306 -109.39 0.593273 90.6966
0.726205 -121.62 0.628098 98.4084
0.674306 -107.715 0.593273 89.3084
0.726205 -121.62 0.628098 98.4084
-1.37585 178.947 2.1993 105.209
-1.37585 178.947 2.1993 105.209
-1.37585 178.947 2.1993 105.209
0.674306 -109.39 0.593273 90.6966
0.726205 -121.62 0.628098 98.4084
0.674306 -109.39 0.593273 90.6966
-1.37585 178.947 2.1993 105.209
0.726205 -121.62 0.628098 98.4084
0.674306 -107.715 0.593273 89.3084
0.726205 -121.62 0.628098 98.4084
-1.48301 188.021 2.16407 105.119
-1.37585 176.571 2.1993 103.812
-1.48301 188.021 2.16407 105.119
0.726205 -124.346 0.628098 100.614
0.674306 -110.39 0.593273 91.5257
0.674306 -110.39 0.593273 91.5257
0.726205 -124.346 0.628098 100.614
0.781091 -142.395 0.663104 112.22
0.674306 -113.738 0.593273 94.3021
-1.48301 185.538 2.16407 103.73
0.674306 -113.738 0.593273 94.3021
-1.37585 176.571 2.1993 103.812
0.674306 -113.738 0.593273 94.3021
0.625 -101.125 0.558599 85.7538
-1.48168 188.647 2.16448 105.533
0.625 -101.125 0.558599 85.7538
0.625 -101.75 0.558599 86.2838
0.577367 -88.94 0.523611 77.0237
-1.60094 197.984 2.12913 104.887
0.53171 -80.0464 0.488693 70.6768
0.577367 -92.0947 0.523611 79.7558
-1.732 203.416 2.09441 101.71
0.577367 -92.0947 0.523611 79.7558
-1.732 200.684 2.09441 100.344
0.577367 -87.94 0.523611 76.1577
-1.732 200.684 2.09441 100.344
0.577367 -87.94 0.523611 76.1577
-1.732 203.416 2.09441 101.71
0.577367 -87.94 0.523611 76.1577
-1.732 203.416 2.09441 101.71
0.577367 -86.94 0.523611 75.2917
0.625 -100.125 0.558599 84.9058
0.625 -97.5 0.558599 82.6798
-1.60151 195.132 2.12897 103.35
0.625 -97.5 0.558599 82.6798
-1.6 191.6 2.1294 101.548
-1.60151 195.132 2.12897 103.35
0.625 -97.5 0.558599 82.6798
0.625 -97.5 0.558599 82.6798
-1.60151 195.132 2.12897 103.35
0.625 -97.5 0.558599 82.6798
0.674306 -110.39 0.593273 91.5257
0.625 -97.5 0.558599 82.6798
-1.48168 184.684 2.16448 103.316
-1.48301 183.055 2.16407 102.342
0.67491 -109.92 0.593688 91.1112
0.674306 -110.39 0.593273 91.5257
-1.48168 184.684 2.16448 103.316
0.674306 -110.39 0.593273 91.5257
0.67491 -109.92 0.593688 91.1112
0.67491 -109.92 0.593688 91.1112
0.726823 -120.429 0.628502 97.4161
-1.48301 181.572 2.16407 101.513
0.726823 -120.429 0.628502 97.4161
-1.48301 181.572 2.16407 101.513
0.674306 -107.715 0.593273 89.3084
0.726823 -120.429 0.628502 97.4161
0.674306 -107.715 0.593273 89.3084
0.625 -93.25 0.558599 79.0758
0.726205 -121.62 0.628098 98.4084
0.67491 -107.245 0.593688 88.894
0.625 -91.625 0.558599 77.6978
0.781091 -137.833 0.663104 108.624
0.726205 -121.62 0.628098 98.4084
-1.28026 161.5 2.2339 99.4142
-1.28026 161.5 2.2339 99.4142
0.781091 -134.271 0.663104 105.817
0.781091 -134.271 0.663104 105.817
0.726823 -120.429 0.628502 97.4161
-1.28026 161.5 2.2339 99.4142
0.781091 -134.271 0.663104 105.817
0.726205 -119.894 0.628098 97.0116
0.67491 -103.896 0.593688 86.1174
0.781726 -132.03 0.663498 104.019
0.726823 -117.702 0.628502 95.2103
0.781091 -131.49 0.663104 103.625
-1.19222 153.012 2.26874 98.332
-1.19222 153.012 2.26874 98.332
0.781091 -127.928 0.663104 100.818
0.839426 -142.76 0.698323 109.343
0.781091 -127.928 0.663104 100.818
0.839426 -142.76 0.698323 109.343
0.726823 -111.522 0.628502 90.2109
0.781091 -126.928 0.663104 100.03
0.838773 -142.214 0.69794 108.96
-1.11061 144.964 2.30383 96.9999
-1.10978 145.459 2.30421 97.3714
-1.10978 145.459 2.30421 97.3714
0.839426 -139.92 0.698323 107.168
0.839426 -140.92 0.698323 107.934
-1.10978 145.459 2.30421 97.3714
0.839426 -139.92 0.698323 107.168
0.781726 -123.904 0.663498 97.6165
0.899798 -155.734 0.732704 115.768
0.726823 -108.795 0.628502 88.0051
0.839426 -139.92 0.698323 107.168
0.781726 -123.904 0.663498 97.6165
0.726205 -107.536 0.628098 87.0128
0.839426 -140.92 0.698323 107.934
-1.10978 145.459 2.30421 97.3714
-1.10978 145.459 2.30421 97.3714
-1.10978 145.459 2.30421 97.3714
-1.19222 153.012 2.26874 98.332
0.838773 -142.214 0.69794 108.96
0.838773 -142.214 0.69794 108.96
-1.19129 154.538 2.26912 99.3578
0.838773 -142.214 0.69794 108.96
-1.19222 153.012 2.26874 98.332
0.839426 -142.76 0.698323 109.343
0.781091 -127.928 0.663104 100.818
0.726205 -110.989 0.628098 89.8063
0.839426 -142.76 0.698323 109.343
-1.19129 154.538 2.26912 99.3578
-1.19129 154.538 2.26912 99.3578
-1.19222 155.205 2.26874 99.7408
-0.445539 65.9157 2.72245 60.21
-1.19222 155.205 2.26874 99.7408
0.781091 -133.271 0.663104 105.029
-1.19222 155.205 2.26874 99.7408
0.781091 -133.271 0.663104 105.029
-0.444992 66.4023 2.72291 60.6668
0.781091 -133.271 0.663104 105.029
0.838226 -149.11 0.697619 114.274
-0.488036 69.921 2.68756 62.8371
0.726823 -117.702 0.628502 95.2103
-0.444992 67.8473 2.72291 61.987
-1.19222 155.205 2.26874 99.7408
0.781091 -133.271 0.663104 105.029
-0.444992 67.8473 2.72291 61.987
0.838226 -149.11 0.697619 114.274
-0.488036 69.921 2.68756 62.8371
0.899798 -168.133 0.732704 124.985
0.781091 -134.271 0.663104 105.817
-0.445539 68.3612 2.72245 62.4439
-0.488036 72.409 2.68756 65.073
-0.487208 73.129 2.68823 65.7415
-0.487764 73.6452 2.68778 66.191
-0.488036 74.897 2.68756 67.309
-0.487208 75.6162 2.68823 67.9775
-1.19222 155.205 2.26874 99.7408
-1.27922 165.338 2.23429 101.828
0.781091 -134.271 0.663104 105.817
-1.19129 156.729 2.26912 100.767
0.781091 -134.271 0.663104 105.817
-0.487764 76.1329 2.68778 68.427
-0.53171 81.5781 2.6529 72.0292
-1.19129 156.729 2.26912 100.767
0.78123 -135.171 0.663191 106.519
-1.27922 165.338 2.23429 101.828
-0.487208 79.1034 2.68823 71.1124
0.781091 -134.271 0.663104 105.817
-0.531144 83.59 2.65334 73.8229
-1.28026 166.061 2.2339 102.222
0.726205 -121.62 0.628098 98.4084
-0.53171 84.1098 2.6529 74.2646
0.78123 -135.171 0.663191 106.519
0.726205 -121.62 0.628098 98.4084
0.839426 -153.796 0.698323 117.796
-1.28026 166.061 2.2339 102.222
0.674306 -105.041 0.593273 87.0911
-0.53171 86.6416 2.6529 76.4999
0.781091 -136.052 0.663104 107.221
-0.577367 90.5173 2.61798 78.3897
-0.53171 87.6416 2.6529 77.3829
-0.577367 92.0947 2.61798 79.7558
-0.577367 94.6721 2.61798 81.9878
-0.624632 98.7961 2.58326 83.7928
0.726823 -123.883 0.628502 100.21
-0.577367 96.2494 2.61798 83.3538
-1.28026 168.341 2.2339 103.625
-0.625 100.125 2.58299 84.9058
0.726823 -123.883 0.628502 100.21
-1.28026 166.061 2.2339 102.222
-0.625 101.75 2.58299 86.2838
0.726823 -123.883 0.628502 100.21
-1.28026 166.061 2.2339 102.222
0.726823 -123.883 0.628502 100.21
-0.625 104.375 2.58299 88.5098
-1.28026 166.061 2.2339 102.222
-1.37585 172.82 2.1993 101.607
0.726823 -123.883 0.628502 100.21
-0.674306 109.39 2.54832 90.6966
-1.28026 166.061 2.2339 102.222
-1.10978 145.459 2.30421 97.3714
-0.625 107 2.58299 90.7358
-1.19222 155.205 2.26874 99.7408
0.726823 -123.883 0.628502 100.21
-1.10978 145.459 2.30421 97.3714
-1.19129 154.538 2.26912 99.3578
0.781726 -140.157 0.663498 110.422
-0.674306 110.39 2.54832 91.5257
0.726823 -123.883 0.628502 100.21
-1.19129 154.538 2.26912 99.3578
-1.10978 145.459 2.30421 97.3714
-1.19222 155.205 2.26874 99.7408
-1.11061 147.075 2.30383 98.4122
0.726823 -123.883 0.628502 100.21
-0.781091 121.584 2.47849 95.8188
-1.19222 155.205 2.26874 99.7408
-0.781091 125.147 2.47849 98.6261
-0.726823 122.156 2.51309 98.8129
-1.11061 147.075 2.30383 98.4122
0.67491 -112.595 0.593688 93.3284
-0.67491 121.295 2.54791 100.539
-0.839426 126.044 2.44327 96.5401
0.726823 -123.883 0.628502 100.21
-1.19129 154.538 2.26912 99.3578
-1.10978 145.459 2.30421 97.3714
0.726823 -122.156 0.628502 98.8129
-0.838773 128.343 2.44365 98.332
-1.19129 154.538 2.26912 99.3578
0.726823 -122.156 0.628502 98.8129
0.674306 -112.064 0.593273 92.9139
-1.19129 154.538 2.26912 99.3578
0.726823 -122.156 0.628502 98.8129
-1.28026 163.781 2.2339 100.818
-1.19129 154.538 2.26912 99.3578
0.726823 -122.156 0.628502 98.8129
-1.28026 163.781 2.2339 100.818
-1.19129 154.538 2.26912 99.3578
0.726823 -122.156 0.628502 98.8129
-1.28026 163.781 2.2339 100.818
0.674306 -112.064 0.593273 92.9139
0.726823 -122.156 0.628502 98.8129
-1.19129 154.538 2.26912 99.3578
0.78123 -136.952 0.663191 107.922
0.674306 -112.064 0.593273 92.9139
0.726823 -122.156 0.628502 98.8129
-1.19129 154.538 2.26912 99.3578
-1.28026 162.5 2.2339 100.03
0.674306 -110.39 0.593273 91.5257
0.781091 -137.833 0.663104 108.624
0.726205 -121.62 0.628098 98.4084
-1.19222 153.012 2.26874 98.332
-1.28026 161.5 2.2339 99.4142
0.674306 -110.39 0.593273 91.5257
0.726205 -121.62 0.628098 98.4084
-1.19129 152.347 2.26912 97.949
0.67491 -109.92 0.593688 91.1112
-1.19129 150.156 2.26912 96.5401
0.726205 -121.62 0.628098 98.4084
0.674306 -109.39 0.593273 90.6966
0.726205 -121.62 0.628098 98.4084
-1.19129 150.156 2.26912 96.5401
0.674306 -107.715 0.593273 89.3084
-1.28026 160.22 2.2339 98.6261
0.726205 -121.62 0.628098 98.4084
-1.19129 150.156 2.26912 96.5401
-1.27922 158.5 2.23429 97.6165
0.674306 -107.715 0.593273 89.3084
0.67491 -109.92 0.593688 91.1112
0.726823 -120.429 0.628502 97.4161
-1.19222 149.628 2.26874 96.157
-1.27922 158.5 2.23429 97.6165
0.674306 -109.39 0.593273 90.6966
-1.19222 149.628 2.26874 96.157
0.726823 -120.429 0.628502 97.4161
-1.28026 157.94 2.2339 97.2225
0.674306 -109.39 0.593273 90.6966
-1.19222 149.628 2.26874 96.157
0.726823 -120.429 0.628502 97.4161
0.674306 -107.715 0.593273 89.3084
0.726823 -120.429 0.628502 97.4161
-1.19222 149.628 2.26874 96.157
0.674306 -107.715 0.593273 89.3084
0.726823 -120.429 0.628502 97.4161
-1.19222 149.628 2.26874 96.157
-1.28026 157.94 2.2339 97.2225
0.67491 -107.245 0.593688 88.894
0.674306 -109.39 0.593273 90.6966
0.781091 -137.833 0.663104 108.624
0.726205 -119.894 0.628098 97.0116
-1.19222 149.628 2.26874 96.157
-1.28026 157.94 2.2339 97.2225
0.674306 -109.39 0.593273 90.6966
0.67491 -107.245 0.593688 88.894
-1.19222 149.628 2.26874 96.157
0.726205 -119.894 0.628098 97.0116
-1.28026 157.94 2.2339 97.2225
0.674306 -109.39 0.593273 90.6966
0.726205 -119.894 0.628098 97.0116
-1.19222 149.628 2.26874 96.157
-1.28026 157.94 2.2339 97.2225
0.67491 -107.245 0.593688 88.894
0.726205 -119.894 0.628098 97.0116
-1.19129 147.964 2.26912 95.1312
-1.28026 157.94 2.2339 97.2225
0.67491 -107.245 0.593688 88.894
0.726205 -119.894 0.628098 97.0116
-1.19129 147.964 2.26912 95.1312
-1.28026 157.94 2.2339 97.2225
0.674306 -106.041 0.593273 87.9202
0.674306 -109.39 0.593273 90.6966
0.726205 -119.894 0.628098 97.0116
-1.19129 147.964 2.26912 95.1312
0.674306 -109.39 0.593273 90.6966
-1.19129 147.964 2.26912 95.1312
0.726205 -119.894 0.628098 97.0116
0.674306 -109.39 0.593273 90.6966
-1.19129 147.964 2.26912 95.1312
0.726205 -119.894 0.628098 97.0116
-1.28026 155.66 2.2339 95.8188
0.674306 -107.715 0.593273 89.3084
0.726205 -119.894 0.628098 97.0116
-1.19129 147.964 2.26912 95.1312
0.67491 -107.245 0.593688 88.894
0.726205 -119.894 0.628098 97.0116
-1.19129 147.964 2.26912 95.1312
0.674306 -107.715 0.593273 89.3084
0.674306 -106.041 0.593273 87.9202
-1.28026 155.66 2.2339 95.8188
0.726823 -120.429 0.628502 97.4161
-1.19222 147.436 2.26874 94.7482
0.674306 -109.39 0.593273 90.6966
-1.19129 147.964 2.26912 95.1312
0.726205 -119.894 0.628098 97.0116
0.674306 -109.39 0.593273 90.6966
-1.19129 147.964 2.26912 95.1312
0.726205 -119.894 0.628098 97.0116
0.67491 -109.92 0.593688 91.1112
0.674306 -107.715 0.593273 89.3084
0.726823 -120.429 0.628502 97.4161
-1.19129 147.964 2.26912 95.1312
0.67491 -109.92 0.593688 91.1112
0.67491 -107.245 0.593688 88.894
-1.28026 157.94 2.2339 97.2225
0.781091 -137.833 0.663104 108.624
0.726823 -120.429 0.628502 97.4161
-1.19222 147.436 2.26874 94.7482
0.674306 -109.39 0.593273 90.6966
0.67491 -107.245 0.593688 88.894
0.726823 -120.429 0.628502 97.4161
-1.19222 147.436 2.26874 94.7482
0.674306 -109.39 0.593273 90.6966
-1.19222 147.436 2.26874 94.7482
0.726823 -120.429 0.628502 97.4161
0.674306 -109.39 0.593273 90.6966
-1.19129 147.964 2.26912 95.1312
0.726823 -120.429 0.628502 97.4161
0.674306 -107.715 0.593273 89.3084
-1.28026 157.94 2.2339 97.2225
0.726823 -120.429 0.628502 97.4161
-1.19222 147.436 2.26874 94.7482
0.67491 -107.245 0.593688 88.894
-1.28026 157.94 2.2339 97.2225
0.726823 -120.429 0.628502 97.4161
-1.19222 147.436 2.26874 94.7482
0.67491 -107.245 0.593688 88.894
-1.28026 155.66 2.2339 95.8188
0.674306 -109.39 0.593273 90.6966
-1.19222 147.436 2.26874 94.7482
0.726823 -120.429 0.628502 97.4161
0.674306 -109.39 0.593273 90.6966
-1.19222 147.436 2.26874 94.7482
0.726205 -119.894 0.628098 97.0116
-1.28026 155.66 2.2339 95.8188
0.674306 -107.715 0.593273 89.3084
-1.19222 147.436 2.26874 94.7482
0.726205 -119.894 0.628098 97.0116
0.67491 -107.245 0.593688 88.894
-1.28026 155.66 2.2339 95.8188
0.726823 -120.429 0.628502 97.4161
-1.19222 147.436 2.26874 94.7482
-1.28026 155.66 2.2339 95.8188
0.67491 -107.245 0.593688 88.894
0.67491 -109.92 0.593688 91.1112
0.726205 -119.894 0.628098 97.0116
-1.19222 147.436 2.26874 94.7482
0.674306 -109.39 0.593273 90.6966
0.67491 -107.245 0.593688 88.894
0.726205 -119.894 0.628098 97.0116
-1.19222 147.436 2.26874 94.7482
-1.27922 154.942 2.23429 95.4249
0.674306 -109.39 0.593273 90.6966
-1.19222 147.436 2.26874 94.7482
0.726205 -119.894 0.628098 97.0116
0.674306 -107.715 0.593273 89.3084
0.726205 -119.894 0.628098 97.0116
-1.19222 145.244 2.26874 93.3394
0.674306 -107.715 0.593273 89.3084
0.726205 -119.894 0.628098 97.0116
-1.19222 145.244 2.26874 93.3394
0.674306 -106.041 0.593273 87.9202
-1.27922 154.942 2.23429 95.4249
0.78123 -136.952 0.663191 107.922
0.726205 -119.894 0.628098 97.0116
-1.19222 145.244 2.26874 93.3394
0.674306 -107.715 0.593273 89.3084
0.674306 -106.041 0.593273 87.9202
0.726205 -119.894 0.628098 97.0116
-1.19129 144.582 2.26912 92.9565
0.674306 -107.715 0.593273 89.3084
-1.19129 144.582 2.26912 92.9565
0.726205 -119.894 0.628098 97.0116
0.674306 -109.39 0.593273 90.6966
0.726205 -118.168 0.628098 95.6149
-1.19129 144.582 2.26912 92.9565
0.67491 -107.245 0.593688 88.894
0.726205 -119.894 0.628098 97.0116
-1.19129 144.582 2.26912 92.9565
0.674306 -106.041 0.593273 87.9202
0.78123 -136.952 0.663191 107.922
0.726205 -119.894 0.628098 97.0116
-1.19129 144.582 2.26912 92.9565
0.674306 -107.715 0.593273 89.3084
-1.19129 144.582 2.26912 92.9565
0.726205 -119.894 0.628098 97.0116
0.674306 -107.715 0.593273 89.3084
-1.19129 144.582 2.26912 92.9565
0.726205 -119.894 0.628098 97.0116
0.674306 -109.39 0.593273 90.6966
0.726205 -119.894 0.628098 97.0116
-1.19129 144.582 2.26912 92.9565
0.67491 -107.245 0.593688 88.894
-1.11061 136.522 2.30383 91.3508
0.726205 -119.894 0.628098 97.0116
-1.19129 144.582 2.26912 92.9565
0.674306 -106.041 0.593273 87.9202
0.78123 -136.952 0.663191 107.922
0.726205 -119.894 0.628098 97.0116
-1.19129 144.582 2.26912 92.9565
0.674306 -107.715 0.593273 89.3084
0.674306 -106.041 0.593273 87.9202
-1.11061 136.522 2.30383 91.3508
-1.19129 144.582 2.26912 92.9565
0.726205 -119.894 0.628098 97.0116
0.674306 -109.39 0.593273 90.6966
-1.19129 144.582 2.26912 92.9565
0.726205 -119.894 0.628098 97.0116
0.674306 -109.39 0.593273 90.6966
-1.11061 136.522 2.30383 91.3508
0.726205 -119.894 0.628098 97.0116
-1.19129 144.582 2.26912 92.9565
-1.11061 136.522 2.30383 91.3508
0.781091 -136.052 0.663104 107.221
0.674306 -109.39 0.593273 90.6966
0.674306 -106.041 0.593273 87.9202
0.726823 -120.429 0.628502 97.4161
-1.19129 144.582 2.26912 92.9565
0.67491 -107.245 0.593688 88.894
0.67491 -109.92 0.593688 91.1112
0.726823 -120.429 0.628502 97.4161
-1.19129 144.582 2.26912 92.9565
0.67491 -109.92 0.593688 91.1112
0.67491 -107.245 0.593688 88.894
-1.19129 144.582 2.26912 92.9565
0.726823 -120.429 0.628502 97.4161
0.67491 -109.92 0.593688 91.1112
-1.19129 144.582 2.26912 92.9565
0.726823 -120.429 0.628502 97.4161
0.67491 -109.92 0.593688 91.1112
-1.11061 136.522 2.30383 91.3508
0.726205 -121.62 0.628098 98.4084
-1.19129 144.582 2.26912 92.9565
-1.11136 137.073 2.3035 91.6853
0.67491 -109.92 0.593688 91.1112
0.674306 -107.715 0.593273 89.3084
0.781091 -137.833 0.663104 108.624
0.726205 -121.62 0.628098 98.4084
-1.19129 144.582 2.26912 92.9565
-1.11136 137.073 2.3035 91.6853
0.67491 -109.92 0.593688 91.1112
0.674306 -107.715 0.593273 89.3084
-1.19129 144.582 2.26912 92.9565
0.674306 -110.39 0.593273 91.5257
0.726823 -122.156 0.628502 98.8129
-1.19129 144.582 2.26912 92.9565
0.67491 -109.92 0.593688 91.1112
-1.11061 136.522 2.30383 91.3508
0.726205 -121.62 0.628098 98.4084
-1.28026 147.539 2.2339 90.8198
-1.19129 144.582 2.26912 92.9565
0.67491 -109.92 0.593688 91.1112
0.726823 -122.156 0.628502 98.8129
-1.11061 136.522 2.30383 91.3508
0.67491 -109.92 0.593688 91.1112
-1.19129 144.582 2.26912 92.9565
0.726823 -123.883 0.628502 100.21
-1.11136 137.073 2.3035 91.6853
0.674306 -110.39 0.593273 91.5257
-1.19222 145.244 2.26874 93.3394
0.726205 -124.346 0.628098 100.614
-1.19222 145.244 2.26874 93.3394
0.67491 -109.92 0.593688 91.1112
0.726205 -121.62 0.628098 98.4084
0.726823 -123.883 0.628502 100.21
-1.19222 147.436 2.26874 94.7482
0.674306 -110.39 0.593273 91.5257
0.726823 -123.883 0.628502 100.21
0.674306 -110.39 0.593273 91.5257
-1.19222 147.436 2.26874 94.7482
0.726823 -123.883 0.628502 100.21
0.67491 -109.92 0.593688 91.1112
-1.19222 147.436 2.26874 94.7482
0.726823 -123.883 0.628502 100.21
-1.11136 137.073 2.3035 91.6853
0.726205 -121.62 0.628098 98.4084
0.781091 -140.614 0.663104 110.816
0.674306 -110.39 0.593273 91.5257
-1.19222 147.436 2.26874 94.7482
0.726823 -122.156 0.628502 98.8129
0.726205 -124.346 0.628098 100.614
-1.11061 138.632 2.30383 92.7631
0.674306 -110.39 0.593273 91.5257
-1.19222 147.436 2.26874 94.7482
0.726823 -122.156 0.628502 98.8129
-1.19222 147.436 2.26874 94.7482
0.674306 -110.39 0.593273 91.5257
0.726823 -122.156 0.628502 98.8129
0.674306 -110.39 0.593273 91.5257
-1.19129 147.964 2.26912 95.1312
0.726823 -123.883 0.628502 100.21
0.674306 -110.39 0.593273 91.5257
-1.19129 147.964 2.26912 95.1312
0.726205 -124.346 0.628098 100.614
0.62441 -95.3496 0.558175 80.8777
0.67491 -109.92 0.593688 91.1112
-1.19129 147.964 2.26912 95.1312
0.726823 -123.883 0.628502 100.21
0.726205 -121.62 0.628098 98.4084
0.67491 -109.92 0.593688 91.1112
-1.19129 147.964 2.26912 95.1312
0.726823 -123.883 0.628502 100.21
-1.19129 147.964 2.26912 95.1312
0.674306 -110.39 0.593273 91.5257
0.726823 -123.883 0.628502 100.21
0.67491 -109.92 0.593688 91.1112
-1.19129 147.964 2.26912 95.1312
0.726823 -123.883 0.628502 100.21
-1.11061 144.964 2.30383 96.9999
0.674306 -110.39 0.593273 91.5257
-1.19129 147.964 2.26912 95.1312
0.726823 -123.883 0.628502 100.21
0.62441 -95.3496 0.558175 80.8777
0.674306 -110.39 0.593273 91.5257
-1.19129 147.964 2.26912 95.1312
0.726205 -124.346 0.628098 100.614
0.625 -101.75 0.558599 86.2838
-1.11053 139.682 2.30387 93.4692
-1.19222 147.436 2.26874 94.7482
0.674306 -112.064 0.593273 92.9139
0.726205 -124.346 0.628098 100.614
0.625 -101.75 0.558599 86.2838
-1.19222 147.436 2.26874 94.7482
0.674306 -112.064 0.593273 92.9139
0.726205 -124.346 0.628098 100.614
0.625 -101.75 0.558599 86.2838
0.674306 -112.064 0.593273 92.9139
-1.19222 147.436 2.26874 94.7482
0.726823 -125.609 0.628502 101.607
0.625 -101.75 0.558599 86.2838
0.67491 -112.595 0.593688 93.3284
-1.19222 147.436 2.26874 94.7482
0.726823 -126.609 0.628502 102.415
0.625 -101.75 0.558599 86.2838
0.67491 -112.595 0.593688 93.3284
-1.19222 145.244 2.26874 93.3394
0.625 -101.75 0.558599 86.2838
0.726205 -127.799 0.628098 103.408
-1.19222 145.244 2.26874 93.3394
0.67491 -112.595 0.593688 93.3284
0.625 -102.75 0.558599 87.1318
0.625 -101.125 0.558599 85.7538
0.67491 -112.595 0.593688 93.3284
-1.19222 147.436 2.26874 94.7482
0.625 -101.75 0.558599 86.2838
0.67491 -112.595 0.593688 93.3284
-1.19222 147.436 2.26874 94.7482
0.625 -101.75 0.558599 86.2838
0.625 -100.125 0.558599 84.9058
0.674306 -112.064 0.593273 92.9139
-1.19222 147.436 2.26874 94.7482
0.625 -101.75 0.558599 86.2838
0.624632 -98.7961 0.558334 83.7928
0.674306 -112.064 0.593273 92.9139
-1.19222 147.436 2.26874 94.7482
0.625 -101.125 0.558599 85.7538
-1.19222 147.436 2.26874 94.7482
0.674306 -112.064 0.593273 92.9139
0.625 -100.125 0.558599 84.9058
0.674306 -112.064 0.593273 92.9139
-1.19222 147.436 2.26874 94.7482
0.624632 -98.7961 0.558334 83.7928
0.674306 -112.064 0.593273 92.9139
-1.19129 147.964 2.26912 95.1312
0.624632 -98.7961 0.558334 83.7928
-1.28026 157.94 2.2339 97.2225
0.674306 -112.064 0.593273 92.9139
-1.19222 147.436 2.26874 94.7482
-1.28026 157.94 2.2339 97.2225
0.624632 -98.7961 0.558334 83.7928
-1.19129 147.964 2.26912 95.1312
0.674306 -110.39 0.593273 91.5257
-1.28026 157.94 2.2339 97.2225
0.726823 -123.883 0.628502 100.21
0.624632 -98.7961 0.558334 83.7928
0.674306 -110.39 0.593273 91.5257
-1.19129 147.964 2.26912 95.1312
-1.28026 157.94 2.2339 97.2225
0.726205 -124.346 0.628098 100.614
0.674306 -110.39 0.593273 91.5257
-1.19129 147.964 2.26912 95.1312
-1.28026 157.94 2.2339 97.2225
0.726823 -123.883 0.628502 100.21
0.726205 -121.62 0.628098 98.4084
0.625 -97.5 0.558599 82.6798
0.67491 -109.92 0.593688 91.1112
-1.19222 147.436 2.26874 94.7482
-1.28026 155.66 2.2339 95.8188
0.726823 -123.883 0.628502 100.21
0.726205 -121.62 0.628098 98.4084
0.674306 -110.39 0.593273 91.5257
-1.19129 147.964 2.26912 95.1312
0.726823 -122.156 0.628502 98.8129
-1.19222 147.436 2.26874 94.7482
0.674306 -110.39 0.593273 91.5257
0.726823 -123.883 0.628502 100.21
-1.11061 144.964 2.30383 96.9999
0.674306 -110.39 0.593273 91.5257
-1.19222 147.436 2.26874 94.7482
0.726823 -123.883 0.628502 100.21
0.674306 -110.39 0.593273 91.5257
-1.19222 147.436 2.26874 94.7482
0.726823 -125.609 0.628502 101.607
0.674306 -110.39 0.593273 91.5257
-1.19222 147.436 2.26874 94.7482
0.726823 -125.609 0.628502 101.607
0.726823 -123.883 0.628502 100.21
0.674306 -112.064 0.593273 92.9139
-1.19222 145.244 2.26874 93.3394
0.726205 -124.346 0.628098 100.614
0.624632 -98.7961 0.558334 83.7928
0.674306 -112.064 0.593273 92.9139
-1.19222 145.244 2.26874 93.3394
0.726823 -125.609 0.628502 101.607
0.624632 -98.7961 0.558334 83.7928
-1.27922 154.942 2.23429 95.4249
0.674306 -112.064 0.593273 92.9139
-1.19222 145.244 2.26874 93.3394
0.726823 -126.609 0.628502 102.415
0.625 -101.125 0.558599 85.7538
0.625 -97.5 0.558599 82.6798
-1.27922 154.942 2.23429 95.4249
0.674306 -112.064 0.593273 92.9139
-1.19222 145.244 2.26874 93.3394
0.625 -101.125 0.558599 85.7538
0.726823 -126.609 0.628502 102.415
-1.27922 154.942 2.23429 95.4249
0.674306 -112.064 0.593273 92.9139
-1.19129 144.582 2.26912 92.9565
0.625 -101.125 0.558599 85.7538
0.726205 -124.346 0.628098 100.614
-1.19129 144.582 2.26912 92.9565
0.674306 -112.064 0.593273 92.9139
0.624632 -98.7961 0.558334 83.7928
0.625 -101.125 0.558599 85.7538
0.726205 -124.346 0.628098 100.614
0.674306 -112.064 0.593273 92.9139
-1.19129 144.582 2.26912 92.9565
0.726823 -125.609 0.628502 101.607
0.624632 -98.7961 0.558334 83.7928
0.674306 -112.064 0.593273 92.9139
-1.19129 144.582 2.26912 92.9565
0.726823 -126.609 0.628502 102.415
0.674306 -110.39 0.593273 91.5257
-1.19129 144.582 2.26912 92.9565
-1.19129 144.582 2.26912 92.9565
0.674306 -112.064 0.593273 92.9139
0.726205 -124.346 0.628098 100.614
0.674306 -110.39 0.593273 91.5257
-1.19129 144.582 2.26912 92.9565
0.726205 -124.346 0.628098 100.614
0.625 -97.5 0.558599 82.6798
0.674306 -110.39 0.593273 91.5257
-1.19222 143.051 2.26874 91.9306
0.726823 -125.609 0.628502 101.607
-1.11136 134.961 2.3035 90.2731
0.674306 -110.39 0.593273 91.5257
-1.19129 144.582 2.26912 92.9565
0.726823 -125.609 0.628502 101.607
0.624632 -98.7961 0.558334 83.7928
-1.11061 136.522 2.30383 91.3508
0.726823 -122.156 0.628502 98.8129
0.674306 -110.39 0.593273 91.5257
-1.19129 144.582 2.26912 92.9565
0.624632 -98.7961 0.558334 83.7928
0.726823 -122.156 0.628502 98.8129
-1.19129 144.582 2.26912 92.9565
0.674306 -110.39 0.593273 91.5257
0.62441 -97.974 0.558175 83.1038
0.726205 -121.62 0.628098 98.4084
0.674306 -110.39 0.593273 91.5257
-1.19129 144.582 2.26912 92.9565
0.625 -97.5 0.558599 82.6798
0.726205 -121.62 0.628098 98.4084
0.674306 -110.39 0.593273 91.5257
-1.19129 144.582 2.26912 92.9565
-1.11061 136.522 2.30383 91.3508
0.726205 -121.62 0.628098 98.4084
0.625 -97.5 0.558599 82.6798
0.674306 -110.39 0.593273 91.5257
-1.19129 144.582 2.26912 92.9565
0.726205 -121.62 0.628098 98.4084
-1.19129 144.582 2.26912 92.9565
0.674306 -110.39 0.593273 91.5257
0.726823 -122.156 0.628502 98.8129
0.625 -97.5 0.558599 82.6798
-1.19129 144.582 2.26912 92.9565
0.674306 -110.39 0.593273 91.5257
0.726823 -123.883 0.628502 100.21
0.625 -97.5 0.558599 82.6798
0.674306 -110.39 0.593273 91.5257
-1.19129 144.582 2.26912 92.9565
0.726205 -124.346 0.628098 100.614
0.62441 -95.3496 0.558175 80.8777
0.674306 -110.39 0.593273 91.5257
-1.19129 144.582 2.26912 92.9565
0.726205 -124.346 0.628098 100.614
-1.11061 136.522 2.30383 91.3508
0.62441 -95.3496 0.558175 80.8777
0.674306 -110.39 0.593273 91.5257
-1.19222 143.051 2.26874 91.9306
-1.11061 136.522 2.30383 91.3508
0.726205 -124.346 0.628098 100.614
0.62441 -95.3496 0.558175 80.8777
0.674306 -110.39 0.593273 91.5257
-1.11061 136.522 2.30383 91.3508
-1.19222 143.051 2.26874 91.9306
0.726205 -124.346 0.628098 100.614
0.625 -101.75 0.558599 86.2838
-1.19129 144.582 2.26912 92.9565
0.674306 -112.064 0.593273 92.9139
0.625 -101.75 0.558599 86.2838
-1.11136 137.073 2.3035 91.6853
-1.19129 144.582 2.26912 92.9565
0.674306 -112.064 0.593273 92.9139
0.625 -101.75 0.558599 86.2838
-1.19129 144.582 2.26912 92.9565
0.67491 -112.595 0.593688 93.3284
-1.11136 137.073 2.3035 91.6853
0.625 -101.125 0.558599 85.7538
0.67491 -112.595 0.593688 93.3284
-1.19129 144.582 2.26912 92.9565
0.625 -101.75 0.558599 86.2838
0.625 -100.125 0.558599 84.9058
0.726823 -128.336 0.628502 103.812
0.674306 -112.064 0.593273 92.9139
-1.19129 144.582 2.26912 92.9565
0.625 -101.75 0.558599 86.2838
0.624632 -98.7961 0.558334 83.7928
0.674306 -112.064 0.593273 92.9139
-1.19222 145.244 2.26874 93.3394
-1.11136 137.073 2.3035 91.6853
0.625 -101.75 0.558599 86.2838
-1.19222 145.244 2.26874 93.3394
0.67491 -112.595 0.593688 93.3284
-1.11136 137.073 2.3035 91.6853
0.625 -101.75 0.558599 86.2838
-1.19129 144.582 2.26912 92.9565
0.674306 -112.064 0.593273 92.9139
0.625 -101.125 0.558599 85.7538
0.726823 -125.609 0.628502 101.607
0.67491 -112.595 0.593688 93.3284
-1.19222 145.244 2.26874 93.3394
0.625 -100.125 0.558599 84.9058
0.726823 -128.336 0.628502 103.812
0.67491 -112.595 0.593688 93.3284
-1.19222 145.244 2.26874 93.3394
0.625 -100.125 0.558599 84.9058
-1.11136 137.073 2.3035 91.6853
0.625 -101.75 0.558599 86.2838
0.67491 -112.595 0.593688 93.3284
-1.19222 147.436 2.26874 94.7482
0.625 -101.75 0.558599 86.2838
-1.19222 145.244 2.26874 93.3394
0.674306 -112.064 0.593273 92.9139
-1.11061 138.632 2.30383 92.7631
0.625 -101.125 0.558599 85.7538
-1.19222 147.436 2.26874 94.7482
0.674306 -110.39 0.593273 91.5257
0.624632 -98.7961 0.558334 83.7928
0.625 -101.125 0.558599 85.7538
-1.19222 147.436 2.26874 94.7482
0.674306 -110.39 0.593273 91.5257
0.624632 -98.7961 0.558334 83.7928
0.625 -101.125 0.558599 85.7538
0.726823 -126.609 0.628502 102.415
0.674306 -110.39 0.593273 91.5257
-1.19129 147.964 2.26912 95.1312
0.625 -100.125 0.558599 84.9058
0.726823 -126.609 0.628502 102.415
0.674306 -110.39 0.593273 91.5257
-1.19129 147.964 2.26912 95.1312
0.625 -101.125 0.558599 85.7538
-1.28026 157.94 2.2339 97.2225
-1.19129 147.964 2.26912 95.1312
0.674306 -110.39 0.593273 91.5257
0.625 -101.125 0.558599 85.7538
0.624632 -98.7961 0.558334 83.7928
-1.19222 147.436 2.26874 94.7482
0.674306 -110.39 0.593273 91.5257
0.624632 -98.7961 0.558334 83.7928
0.625 -101.125 0.558599 85.7538
-1.19222 147.436 2.26874 94.7482
0.674306 -112.064 0.593273 92.9139
0.624632 -98.7961 0.558334 83.7928
0.625 -101.125 0.558599 85.7538
0.674306 -112.064 0.593273 92.9139
-1.19222 145.244 2.26874 93.3394
0.624632 -98.7961 0.558334 83.7928
0.625 -101.125 0.558599 85.7538
0.726823 -128.336 0.628502 103.812
0.674306 -112.064 0.593273 92.9139
-1.19222 145.244 2.26874 93.3394
0.625 -101.125 0.558599 85.7538
-1.19222 145.244 2.26874 93.3394
0.674306 -112.064 0.593273 92.9139
0.625 -101.125 0.558599 85.7538
0.624632 -98.7961 0.558334 83.7928
-1.19222 143.051 2.26874 91.9306
0.674306 -110.39 0.593273 91.5257
0.625 -100.125 0.558599 84.9058
-1.11136 134.961 2.3035 90.2731
-1.19129 142.39 2.26912 91.5476
0.67491 -109.92 0.593688 91.1112
0.624632 -98.7961 0.558334 83.7928
-1.19129 140.199 2.26912 90.1387
0.67491 -109.92 0.593688 91.1112
0.625 -97.5 0.558599 82.6798
0.624632 -98.7961 0.558334 83.7928
0.674306 -109.39 0.593273 90.6966
-1.19222 139.667 2.26874 89.7556
0.62441 -95.3496 0.558175 80.8777
0.67491 -107.245 0.593688 88.894
-1.19129 138.008 2.26912 88.7299
0.625 -95.875 0.558599 81.3018
-0.838773 211.732 2.44365 162.223
-0.900404 221.044 2.40855 164.268
0.674306 -106.041 0.593273 87.9202
-1.19222 137.475 2.26874 88.3468
0.62441 -95.3496 0.558175 80.8777
-1.19129 135.816 2.26912 87.321
0.674306 -105.041 0.593273 87.0911
0.62441 -95.3496 0.558175 80.8777
-1.19207 134.176 2.2688 86.2336
0.674306 -105.041 0.593273 87.0911
0.625 -93.25 0.558599 79.0758
0.62441 -95.3496 0.558175 80.8777
0.67491 -103.896 0.593688 86.1174
-1.19222 133.09 2.26874 85.5292
0.625 -93.25 0.558599 79.0758
0.62441 -95.3496 0.558175 80.8777
0.726823 -120.429 0.628502 97.4161
0.67491 -103.896 0.593688 86.1174
-1.19222 133.09 2.26874 85.5292
-1.10978 125.361 2.30421 83.9178
0.625 -91.625 0.558599 77.6978
0.625 -94.25 0.558599 79.9238
0.726823 -120.429 0.628502 97.4161
0.67491 -103.896 0.593688 86.1174
-1.19207 131.984 2.2688 84.8248
0.625 -93.25 0.558599 79.0758
0.625 -91.625 0.558599 77.6978
0.67491 -103.896 0.593688 86.1174
-1.19207 131.984 2.2688 84.8248
0.625 -93.25 0.558599 79.0758
-1.19222 130.898 2.26874 84.1204
0.67491 -103.896 0.593688 86.1174
0.625 -91.625 0.558599 77.6978
0.625 -93.25 0.558599 79.0758
-1.28026 132.577 2.2339 81.6098
0.67491 -103.896 0.593688 86.1174
-1.19207 129.792 2.2688 83.416
0.625 -91.625 0.558599 77.6978
0.726205 -119.894 0.628098 97.0116
0.67491 -103.896 0.593688 86.1174
-1.19129 128.051 2.26912 82.3285
0.625 -91.625 0.558599 77.6978
0.726205 -119.894 0.628098 97.0116
0.67491 -103.896 0.593688 86.1174
-1.19129 128.051 2.26912 82.3285
0.625 -91.625 0.558599 77.6978
-1.11136 122.293 2.3035 81.7996
0.625 -93.25 0.558599 79.0758
0.674306 -103.367 0.593273 85.7029
-1.19129 128.051 2.26912 82.3285
-1.11136 122.293 2.3035 81.7996
0.625 -91.625 0.558599 77.6978
-1.19129 128.051 2.26912 82.3285
0.674306 -101.692 0.593273 84.3147
0.625 -93.25 0.558599 79.0758
0.625 -91.625 0.558599 77.6978
0.674306 -101.692 0.593273 84.3147
-1.19129 128.051 2.26912 82.3285
0.625 -90.625 0.558599 76.8498
0.67491 -101.221 0.593688 83.9002
-1.19129 128.051 2.26912 82.3285
0.625 -89 0.558599 75.4718
0.624042 -92.3977 0.55791 78.3868
0.725757 -116.779 0.627804 94.5119
0.67491 -101.221 0.593688 83.9002
-1.19129 128.051 2.26912 82.3285
0.726823 -117.702 0.628502 95.2103
0.625 -86.375 0.558599 73.2459
0.625 -91.625 0.558599 77.6978
0.67491 -101.221 0.593688 83.9002
-1.19207 129.792 2.2688 83.416
-1.11136 122.293 2.3035 81.7996
0.625 -91.625 0.558599 77.6978
0.67491 -101.221 0.593688 83.9002
-1.19207 129.792 2.2688 83.416
0.625 -90.625 0.558599 76.8498
-1.19207 129.792 2.2688 83.416
0.674306 -101.692 0.593273 84.3147
0.625 -90.625 0.558599 76.8498
0.674306 -101.692 0.593273 84.3147
-1.19207 129.792 2.2688 83.416
0.625 -90.625 0.558599 76.8498
0.726823 -115.975 0.628502 93.8135
0.625 -93.25 0.558599 79.0758
0.674306 -101.692 0.593273 84.3147
-1.19207 129.792 2.2688 83.416
0.625 -90.625 0.558599 76.8498
0.726205 -118.168 0.628098 95.6149
0.674306 -103.367 0.593273 85.7029
-1.19207 129.792 2.2688 83.416
0.62441 -89.4764 0.558175 75.8959
0.625 -93.25 0.558599 79.0758
0.726205 -118.168 0.628098 95.6149
0.67491 -103.896 0.593688 86.1174
-1.19207 129.792 2.2688 83.416
-1.11061 122.747 2.30383 82.134
0.625 -93.25 0.558599 79.0758
0.67491 -103.896 0.593688 86.1174
-1.19222 130.898 2.26874 84.1204
0.67491 -103.896 0.593688 86.1174
-1.19222 130.898 2.26874 84.1204
0.624042 -92.3977 0.55791 78.3868
0.67491 -103.896 0.593688 86.1174
-1.11061 124.858 2.30383 83.5463
-1.19222 130.898 2.26874 84.1204
0.625 -91.625 0.558599 77.6978
0.726205 -118.168 0.628098 95.6149
0.67491 -103.896 0.593688 86.1174
-1.11061 124.858 2.30383 83.5463
0.62441 -89.4764 0.558175 75.8959
0.726205 -119.894 0.628098 97.0116
0.67491 -103.896 0.593688 86.1174
-1.11061 124.858 2.30383 83.5463
-1.19222 130.898 2.26874 84.1204
0.726823 -117.702 0.628502 95.2103
0.625 -89 0.558599 75.4718
0.674306 -103.367 0.593273 85.7029
-1.11061 124.858 2.30383 83.5463
-1.19222 130.898 2.26874 84.1204
-1.11061 124.858 2.30383 83.5463
0.67491 -103.896 0.593688 86.1174
0.726823 -115.975 0.628502 93.8135
-1.11061 124.858 2.30383 83.5463
0.67491 -103.896 0.593688 86.1174
0.726823 -115.975 0.628502 93.8135
0.67491 -103.896 0.593688 86.1174
-1.11061 124.858 2.30383 83.5463
0.725757 -116.779 0.627804 94.5119
0.625 -89 0.558599 75.4718
0.67491 -103.896 0.593688 86.1174
-1.11061 124.858 2.30383 83.5463
0.726205 -118.168 0.628098 95.6149
0.62441 -89.4764 0.558175 75.8959
0.67491 -103.896 0.593688 86.1174
-1.10978 125.361 2.30421 83.9178
0.726205 -118.168 0.628098 95.6149
0.67491 -103.896 0.593688 86.1174
-1.11061 124.858 2.30383 83.5463
0.725757 -116.779 0.627804 94.5119
0.726205 -118.168 0.628098 95.6149
-1.10978 125.361 2.30421 83.9178
0.674306 -105.041 0.593273 87.0911
0.726823 -117.702 0.628502 95.2103
0.674306 -106.041 0.593273 87.9202
-1.10978 125.361 2.30421 83.9178
0.726205 -119.894 0.628098 97.0116
0.625 -93.25 0.558599 79.0758
0.674306 -106.041 0.593273 87.9202
-1.11061 126.969 2.30383 84.9586
0.726205 -121.62 0.628098 98.4084
0.625 -93.25 0.558599 79.0758
0.674306 -106.041 0.593273 87.9202
-1.11061 126.969 2.30383 84.9586
0.726823 -120.429 0.628502 97.4161
0.625 -91.625 0.558599 77.6978
0.67491 -107.245 0.593688 88.894
-1.10978 127.471 2.30421 85.3301
0.67491 -107.245 0.593688 88.894
-1.10978 127.471 2.30421 85.3301
0.726205 -119.894 0.628098 97.0116
-1.10978 127.471 2.30421 85.3301
0.67491 -107.245 0.593688 88.894
0.726205 -119.894 0.628098 97.0116
-1.036 125.25 2.33852 86.9855
0.67491 -107.245 0.593688 88.894
-1.11061 129.079 2.30383 86.3708
0.726823 -120.429 0.628502 97.4161
0.67491 -107.245 0.593688 88.894
-1.11061 129.079 2.30383 86.3708
0.726823 -120.429 0.628502 97.4161
0.624042 -92.3977 0.55791 78.3868
0.67491 -107.245 0.593688 88.894
-1.11061 129.079 2.30383 86.3708
0.726205 -121.62 0.628098 98.4084
-1.19222 137.475 2.26874 88.3468
0.625 -97.5 0.558599 82.6798
0.67491 -107.245 0.593688 88.894
-1.11061 130.19 2.30383 87.114
0.726205 -121.62 0.628098 98.4084
0.67491 -107.245 0.593688 88.894
-1.11061 130.19 2.30383 87.114
-1.11061 130.19 2.30383 87.114
0.674306 -107.715 0.593273 89.3084
0.62441 -95.3496 0.558175 80.8777
0.674306 -107.715 0.593273 89.3084
-1.11061 130.19 2.30383 87.114
0.726205 -121.62 0.628098 98.4084
0.62441 -95.3496 0.558175 80.8777
0.625 -93.25 0.558599 79.0758
-1.036 123.214 2.33852 85.5715
0.674306 -107.715 0.593273 89.3084
-1.11061 130.19 2.30383 87.114
0.726823 -123.883 0.628502 100.21
0.625 -93.25 0.558599 79.0758
0.62441 -95.3496 0.558175 80.8777
0.674306 -107.715 0.593273 89.3084
-1.11061 130.19 2.30383 87.114
0.726205 -118.168 0.628098 95.6149
-1.036 123.214 2.33852 85.5715
0.674306 -107.715 0.593273 89.3084
-1.10978 131.691 2.30421 88.1547
-1.10978 131.691 2.30421 88.1547
0.674306 -109.39 0.593273 90.6966
0.726823 -120.429 0.628502 97.4161
-1.10978 131.691 2.30421 88.1547
0.674306 -109.39 0.593273 90.6966
0.726823 -120.429 0.628502 97.4161
0.674306 -109.39 0.593273 90.6966
-1.10978 131.691 2.30421 88.1547
0.726205 -121.62 0.628098 98.4084
0.674306 -109.39 0.593273 90.6966
-1.11061 130.19 2.30383 87.114
0.625 -93.25 0.558599 79.0758
0.726823 -123.883 0.628502 100.21
0.674306 -109.39 0.593273 90.6966
-1.11061 130.19 2.30383 87.114
0.726823 -122.156 0.628502 98.8129
0.726205 -119.894 0.628098 97.0116
0.674306 -109.39 0.593273 90.6966
-1.10978 131.691 2.30421 88.1547
0.726823 -120.429 0.628502 97.4161
-1.11061 130.19 2.30383 87.114
0.674306 -109.39 0.593273 90.6966
0.726205 -121.62 0.628098 98.4084
-1.10978 131.691 2.30421 88.1547
0.67491 -109.92 0.593688 91.1112
0.726205 -121.62 0.628098 98.4084
0.67491 -109.92 0.593688 91.1112
-1.10978 131.691 2.30421 88.1547
0.726823 -122.156 0.628502 98.8129
0.62441 -95.3496 0.558175 80.8777
0.67491 -109.92 0.593688 91.1112
-1.10978 131.691 2.30421 88.1547
0.726823 -123.883 0.628502 100.21
0.62441 -95.3496 0.558175 80.8777
0.67491 -109.92 0.593688 91.1112
-1.10978 131.691 2.30421 88.1547
0.726823 -123.883 0.628502 100.21
0.726823 -120.429 0.628502 97.4161
0.67491 -109.92 0.593688 91.1112
-1.10978 131.691 2.30421 88.1547
0.624632 -98.7961 0.558334 83.7928
0.67491 -109.92 0.593688 91.1112
-1.10978 131.691 2.30421 88.1547
0.726823 -122.156 0.628502 98.8129
0.67491 -109.92 0.593688 91.1112
-1.10978 131.691 2.30421 88.1547
0.726823 -123.883 0.628502 100.21
0.625 -97.5 0.558599 82.6798
0.67491 -109.92 0.593688 91.1112
-1.10978 131.691 2.30421 88.1547
0.726205 -124.346 0.628098 100.614
0.625 -97.5 0.558599 82.6798
0.62441 -95.3496 0.558175 80.8777
0.67491 -109.92 0.593688 91.1112
-1.11136 132.85 2.3035 88.8608
0.62441 -95.3496 0.558175 80.8777
0.726823 -125.609 0.628502 101.607
0.674306 -110.39 0.593273 91.5257
-1.10978 131.691 2.30421 88.1547
0.674306 -110.39 0.593273 91.5257
-1.10978 131.691 2.30421 88.1547
-1.10978 131.691 2.30421 88.1547
0.674306 -110.39 0.593273 91.5257
0.624632 -98.7961 0.558334 83.7928
0.726823 -123.883 0.628502 100.21
0.674306 -110.39 0.593273 91.5257
-1.10978 131.691 2.30421 88.1547
0.726823 -123.883 0.628502 100.21
0.674306 -110.39 0.593273 91.5257
-1.10978 131.691 2.30421 88.1547
0.726823 -125.609 0.628502 101.607
0.625 -97.5 0.558599 82.6798
0.674306 -110.39 0.593273 91.5257
-1.10978 131.691 2.30421 88.1547
0.726823 -126.609 0.628502 102.415
0.625 -97.5 0.558599 82.6798
0.674306 -112.064 0.593273 92.9139
-1.10978 131.691 2.30421 88.1547
0.674306 -110.39 0.593273 91.5257
-1.10978 131.691 2.30421 88.1547
0.674306 -110.39 0.593273 91.5257
-1.10978 131.691 2.30421 88.1547
0.674306 -110.39 0.593273 91.5257
-1.10978 131.691 2.30421 88.1547
0.726205 -124.346 0.628098 100.614
0.625 -101.75 0.558599 86.2838
0.674306 -110.39 0.593273 91.5257
-1.11136 132.85 2.3035 88.8608
0.726205 -124.346 0.628098 100.614
0.625 -97.5 0.558599 82.6798
0.625 -101.75 0.558599 86.2838
0.674306 -110.39 0.593273 91.5257
-1.11136 132.85 2.3035 88.8608
0.726823 -126.609 0.628502 102.415
0.625 -97.5 0.558599 82.6798
0.625 -101.125 0.558599 85.7538
0.674306 -110.39 0.593273 91.5257
-1.11136 132.85 2.3035 88.8608
0.625 -101.125 0.558599 85.7538
0.674306 -110.39 0.593273 91.5257
-1.11136 132.85 2.3035 88.8608
0.625 -101.125 0.558599 85.7538
0.674306 -110.39 0.593273 91.5257
-1.11136 132.85 2.3035 88.8608
0.625 -101.125 0.558599 85.7538
0.674306 -110.39 0.593273 91.5257
-1.11136 132.85 2.3035 88.8608
0.726205 -124.346 0.628098 100.614
0.624632 -98.7961 0.558334 83.7928
0.674306 -112.064 0.593273 92.9139
-1.11136 132.85 2.3035 88.8608
0.624632 -98.7961 0.558334 83.7928
0.625 -101.75 0.558599 86.2838
0.674306 -112.064 0.593273 92.9139
-1.11136 132.85 2.3035 88.8608
0.624632 -98.7961 0.558334 83.7928
0.625 -97.5 0.558599 82.6798
0.726205 -127.799 0.628098 103.408
0.625 -101.75 0.558599 86.2838
0.674306 -112.064 0.593273 92.9139
-1.11136 132.85 2.3035 88.8608
0.624632 -98.7961 0.558334 83.7928
0.625 -101.75 0.558599 86.2838
0.674306 -112.064 0.593273 92.9139
-1.11136 132.85 2.3035 88.8608
0.625 -101.125 0.558599 85.7538
0.674306 -112.064 0.593273 92.9139
-1.10978 133.801 2.30421 89.567
0.625 -101.125 0.558599 85.7538
0.674306 -112.064 0.593273 92.9139
-1.10978 133.801 2.30421 89.567
0.625 -101.125 0.558599 85.7538
0.674306 -112.064 0.593273 92.9139
-1.10978 133.801 2.30421 89.567
0.625 -100.125 0.558599 84.9058
0.577367 -85.3626 0.523611 73.9256
0.67491 -112.595 0.593688 93.3284
-1.10978 133.801 2.30421 89.567
0.625 -100.125 0.558599 84.9058
0.726823 -128.336 0.628502 103.812
0.577367 -85.3626 0.523611 73.9256
0.67491 -112.595 0.593688 93.3284
-1.10978 133.801 2.30421 89.567
0.625 -100.125 0.558599 84.9058
0.625 -101.75 0.558599 86.2838
0.67491 -112.595 0.593688 93.3284
-1.10978 133.801 2.30421 89.567
0.625 -101.75 0.558599 86.2838
0.67491 -112.595 0.593688 93.3284
-1.10978 133.801 2.30421 89.567
0.625 -101.125 0.558599 85.7538
0.67491 -112.595 0.593688 93.3284
-1.10978 133.801 2.30421 89.567
0.625 -101.125 0.558599 85.7538
0.67491 -112.595 0.593688 93.3284
-1.10978 133.801 2.30421 89.567
0.625 -101.125 0.558599 85.7538
0.67491 -112.595 0.593688 93.3284
-1.11136 134.961 2.3035 90.2731
0.625 -100.125 0.558599 84.9058
0.726823 -130.063 0.628502 105.209
0.67491 -112.595 0.593688 93.3284
-1.11136 134.961 2.3035 90.2731
0.625 -100.125 0.558599 84.9058
-1.19129 142.39 2.26912 91.5476
0.625 -101.75 0.558599 86.2838
0.67491 -112.595 0.593688 93.3284
-1.11136 134.961 2.3035 90.2731
-1.19129 142.39 2.26912 91.5476
-1.036 131.358 2.33852 91.2275
0.625 -101.75 0.558599 86.2838
0.625 -100.125 0.558599 84.9058
0.67491 -112.595 0.593688 93.3284
-1.11136 134.961 2.3035 90.2731
-1.19129 142.39 2.26912 91.5476
-1.036 131.358 2.33852 91.2275
0.625 -101.75 0.558599 86.2838
0.67491 -112.595 0.593688 93.3284
-1.11136 134.961 2.3035 90.2731
-1.19129 142.39 2.26912 91.5476
0.625 -101.125 0.558599 85.7538
-1.03528 132.846 2.33886 92.2942
0.674306 -113.738 0.593273 94.3021
-1.11136 134.961 2.3035 90.2731
-1.19129 142.39 2.26912 91.5476
0.625 -101.125 0.558599 85.7538
0.674306 -113.738 0.593273 94.3021
-1.11136 134.961 2.3035 90.2731
-1.19129 142.39 2.26912 91.5476
0.625 -100.125 0.558599 84.9058
-1.11061 138.632 2.30383 92.7631
0.674306 -113.738 0.593273 94.3021
-1.19129 142.39 2.26912 91.5476
0.625 -100.125 0.558599 84.9058
0.674306 -113.738 0.593273 94.3021
-1.11136 134.961 2.3035 90.2731
-1.19222 143.051 2.26874 91.9306
0.625 -101.75 0.558599 86.2838
0.674306 -113.738 0.593273 94.3021
-1.11136 134.961 2.3035 90.2731
-1.19129 142.39 2.26912 91.5476
0.625 -101.75 0.558599 86.2838
-1.036 133.394 2.33852 92.6415
-1.19129 142.39 2.26912 91.5476
0.674306 -113.738 0.593273 94.3021
-1.11136 134.961 2.3035 90.2731
0.625 -101.75 0.558599 86.2838
-1.036 133.394 2.33852 92.6415
0.674306 -113.738 0.593273 94.3021
-1.11136 134.961 2.3035 90.2731
-1.19129 142.39 2.26912 91.5476
0.625 -101.75 0.558599 86.2838
-1.036 133.394 2.33852 92.6415
0.674306 -113.738 0.593273 94.3021
-1.11136 134.961 2.3035 90.2731
0.625 -101.75 0.558599 86.2838
-1.036 133.394 2.33852 92.6415
0.726205 -130.525 0.628098 105.614
0.674306 -113.738 0.593273 94.3021
-1.11136 134.961 2.3035 90.2731
0.625 -101.125 0.558599 85.7538
0.674306 -113.738 0.593273 94.3021
-1.10978 133.801 2.30421 89.567
0.625 -101.75 0.558599 86.2838
0.674306 -113.738 0.593273 94.3021
-1.10978 133.801 2.30421 89.567
0.625 -101.75 0.558599 86.2838
-1.10978 133.801 2.30421 89.567
0.674306 -113.738 0.593273 94.3021
0.625 -101.75 0.558599 86.2838
-0.965925 128.319 2.37353 92.2942
-1.10978 133.801 2.30421 89.567
0.674306 -113.738 0.593273 94.3021
0.625 -101.75 0.558599 86.2838
-0.965254 128.759 2.37387 92.6415
0.674306 -113.738 0.593273 94.3021
-1.10978 133.801 2.30421 89.567
0.625 -101.75 0.558599 86.2838
0.625 -100.125 0.558599 84.9058
-0.965254 128.759 2.37387 92.6415
0.674306 -113.738 0.593273 94.3021
-1.10978 133.801 2.30421 89.567
0.625 -101.75 0.558599 86.2838
0.674306 -114.738 0.593273 95.1312
-1.10978 133.801 2.30421 89.567
0.625 -101.75 0.558599 86.2838
0.674306 -113.738 0.593273 94.3021
-1.10978 133.801 2.30421 89.567
0.625 -101.75 0.558599 86.2838
-1.10978 133.801 2.30421 89.567
0.674306 -113.738 0.593273 94.3021
0.625 -101.75 0.558599 86.2838
-1.48168 162.867 2.16448 91.1112
-1.28026 153.379 2.2339 94.4152
-1.10978 133.801 2.30421 89.567
0.674306 -113.738 0.593273 94.3021
0.625 -101.75 0.558599 86.2838
-1.48301 162.225 2.16407 90.6966
-1.28026 153.379 2.2339 94.4152
0.674306 -113.738 0.593273 94.3021
-1.10978 133.801 2.30421 89.567
0.625 -101.125 0.558599 85.7538
-1.48168 158.904 2.16448 88.894
-1.28026 152.099 2.2339 93.6271
-1.03525 129.791 2.33888 90.1732
0.726823 -130.063 0.628502 105.209
-1.19129 135.816 2.26912 87.321
0.577367 -86.94 0.523611 75.2917
-1.37585 155.813 2.1993 91.6077
0.674306 -113.738 0.593273 94.3021
-1.10978 133.801 2.30421 89.567
0.625 -101.125 0.558599 85.7538
0.577367 -85.3626 0.523611 73.9256
0.726205 -130.525 0.628098 105.614
-1.48168 158.904 2.16448 88.894
0.674306 -113.738 0.593273 94.3021
-1.10978 133.801 2.30421 89.567
0.625 -101.125 0.558599 85.7538
0.674306 -113.738 0.593273 94.3021
-1.10978 133.801 2.30421 89.567
0.625 -101.125 0.558599 85.7538
-1.11136 132.85 2.3035 88.8608
0.67491 -112.595 0.593688 93.3284
-1.10978 133.801 2.30421 89.567
0.67491 -112.595 0.593688 93.3284
0.625 -101.125 0.558599 85.7538
-1.19222 137.475 2.26874 88.3468
-1.11136 132.85 2.3035 88.8608
0.67491 -112.595 0.593688 93.3284
0.625 -100.125 0.558599 84.9058
-1.19129 135.816 2.26912 87.321
0.726823 -128.336 0.628502 103.812
0.577367 -85.3626 0.523611 73.9256
0.67491 -112.595 0.593688 93.3284
-1.11136 132.85 2.3035 88.8608
0.625 -100.125 0.558599 84.9058
0.726823 -128.336 0.628502 103.812
0.577367 -85.3626 0.523611 73.9256
-0.900404 128.626 2.40855 95.5876
0.67491 -112.595 0.593688 93.3284
-1.10978 133.801 2.30421 89.567
0.624632 -98.7961 0.558334 83.7928
-0.965254 238.848 2.37387 171.85
-0.899798 230.027 2.40889 170.995
-1.03528 248.892 2.33886 172.917
0.67491 -112.595 0.593688 93.3284
-1.11136 132.85 2.3035 88.8608
-0.781726 96.7411 2.47809 76.2168
-0.781726 96.7411 2.47809 76.2168
0.67491 -112.595 0.593688 93.3284
-1.11136 132.85 2.3035 88.8608
-0.781726 96.7411 2.47809 76.2168
0.674306 -112.064 0.593273 92.9139
-0.781091 97.2113 2.47849 76.6107
-0.839426 99.1319 2.44327 75.9272
-0.900404 100.02 2.40855 74.3295
0.53171 -99.3001 0.488693 87.6768
0.488036 -87.3372 0.45403 78.4888
0.445295 -75.4683 0.418935 68.942
-1.6 189 2.1294 100.17
-1.6 189 2.1294 100.17
0.487764 -86.084 0.453811 77.3708
0.445539 -74.2523 0.419138 67.825
0.674306 -112.064 0.593273 92.9139
0.53171 -99.3001 0.488693 87.6768
-1.6 189 2.1294 100.17
0.899798 -151.935 0.732704 112.944
0.839426 -136.242 0.698323 104.35
-1.37702 175.981 2.19889 103.408
-1.48301 181.572 2.16407 101.513
-1.28026 170.621 2.2339 105.029
0.96662 -168.196 0.768427 120.934
0.899798 -151.935 0.732704 112.944
0.839426 -136.242 0.698323 104.35
-1.6 189 2.1294 100.17
2.05017 -297.895 1.11699 130.595
-1.28026 171.902 2.2339 105.817
-1.37585 176.571 2.1993 103.812
2.24447 -336.059 1.15166 136.767
-1.48301 181.572 2.16407 101.513
0.781091 -121.584 0.663104 95.8188
1.88072 -266.82 1.0821 125.265
0.838773 -135.698 0.69794 103.967
0.899798 -151.935 0.732704 112.944
0.781726 -121.122 0.663498 95.4249
-1.11136 132.85 2.3035 88.8608
-1.6 189 2.1294 100.17
2.05017 -297.895 1.11699 130.595
2.24723 -335.28 1.15211 136.31
0.965254 -169.064 0.76772 121.641
-1.60151 185.726 2.12897 98.3679
0.839426 -136.242 0.698323 104.35
0.901077 -152.982 0.73341 113.65
0.781726 -121.122 0.663498 95.4249
-1.10978 131.691 2.30421 88.1547
0.839426 -136.242 0.698323 104.35
0.899798 -153.835 0.732704 114.356
-1.10978 131.691 2.30421 88.1547
0.781091 -119.803 0.663104 94.4152
-1.10978 131.691 2.30421 88.1547
0.901077 -154.883 0.73341 115.062
0.839426 -136.242 0.698323 104.35
0.674306 -112.064 0.593273 92.9139
-1.10978 131.691 2.30421 88.1547
0.674306 -112.064 0.593273 92.9139
-1.10978 131.691 2.30421 88.1547
0.674306 -112.064 0.593273 92.9139
-1.11061 130.19 2.30383 87.114
0.674306 -112.064 0.593273 92.9139
-1.036 129.322 2.33852 89.8135
0.624632 -98.7961 0.558334 83.7928
-1.10978 131.691 2.30421 88.1547
0.674306 -112.064 0.593273 92.9139
0.624632 -98.7961 0.558334 83.7928
0.726205 -127.799 0.628098 103.408
0.674306 -110.39 0.593273 91.5257
-1.10978 131.691 2.30421 88.1547
0.625 -97.5 0.558599 82.6798
0.726823 -126.609 0.628502 102.415
0.674306 -110.39 0.593273 91.5257
-1.10978 131.691 2.30421 88.1547
0.67491 -109.92 0.593688 91.1112
-1.10978 131.691 2.30421 88.1547
-1.11061 130.19 2.30383 87.114
0.674306 -109.39 0.593273 90.6966
-1.11061 130.19 2.30383 87.114
-1.11061 130.19 2.30383 87.114
-1.11061 130.19 2.30383 87.114
0.67491 -109.92 0.593688 91.1112
-1.11061 129.079 2.30383 86.3708
0.67491 -109.92 0.593688 91.1112
-1.19222 139.667 2.26874 89.7556
-1.11061 129.079 2.30383 86.3708
0.67491 -109.92 0.593688 91.1112
-1.19129 138.008 2.26912 88.7299
-1.11061 129.079 2.30383 86.3708
0.674306 -109.39 0.593273 90.6966
-1.19129 138.008 2.26912 88.7299
-1.11061 129.079 2.30383 86.3708
0.674306 -109.39 0.593273 90.6966
-1.19129 138.008 2.26912 88.7299
0.726823 -123.883 0.628502 100.21
0.674306 -109.39 0.593273 90.6966
-1.11061 129.079 2.30383 86.3708
-1.03453 122.106 2.33922 84.8646
0.726823 -123.883 0.628502 100.21
-1.19129 138.008 2.26912 88.7299
-1.11061 130.19 2.30383 87.114
-1.03453 122.106 2.33922 84.8646
-1.19129 138.008 2.26912 88.7299
-1.11061 129.079 2.30383 86.3708
-1.03453 122.106 2.33922 84.8646
-1.11061 129.079 2.30383 86.3708
-1.03453 122.106 2.33922 84.8646
-1.10978 127.471 2.30421 85.3301
-1.03453 122.106 2.33922 84.8646
-1.19222 137.475 2.26874 88.3468
-1.10978 127.471 2.30421 85.3301
-1.03453 122.106 2.33922 84.8646
-1.19222 137.475 2.26874 88.3468
-1.10978 127.471 2.30421 85.3301
0.674306 -109.39 0.593273 90.6966
-1.10978 127.471 2.30421 85.3301
0.674306 -109.39 0.593273 90.6966
-1.19129 135.816 2.26912 87.321
-1.03453 122.106 2.33922 84.8646
0.674306 -109.39 0.593273 90.6966
-0.96662 119.997 2.37317 86.2786
-1.03453 122.106 2.33922 84.8646
0.674306 -107.715 0.593273 89.3084
-1.19129 135.816 2.26912 87.321
-0.965925 122.421 2.37353 88.0522
-1.03453 122.106 2.33922 84.8646
0.67491 -107.245 0.593688 88.894
0.726205 -119.894 0.628098 97.0116
-1.19222 137.475 2.26874 88.3468
-1.03453 122.106 2.33922 84.8646
-1.10978 127.471 2.30421 85.3301
0.674306 -106.041 0.593273 87.9202
0.726205 -118.168 0.628098 95.6149
0.781091 -136.052 0.663104 107.221
-1.19222 137.475 2.26874 88.3468
-1.03453 122.106 2.33922 84.8646
-1.10978 127.471 2.30421 85.3301
0.726205 -118.168 0.628098 95.6149
0.674306 -105.041 0.593273 87.0911
-1.036 121.178 2.33852 84.1575
-1.11061 126.969 2.30383 84.9586
0.726823 -117.702 0.628502 95.2103
-1.036 121.178 2.33852 84.1575
0.726823 -117.702 0.628502 95.2103
-1.036 121.178 2.33852 84.1575
0.726823 -117.702 0.628502 95.2103
-1.036 121.178 2.33852 84.1575
0.726823 -117.702 0.628502 95.2103
-1.036 121.178 2.33852 84.1575
-1.11061 126.969 2.30383 84.9586
0.726823 -117.702 0.628502 95.2103
-0.96662 119.997 2.37317 86.2786
-1.036 121.178 2.33852 84.1575
-1.11061 126.969 2.30383 84.9586
0.726823 -117.702 0.628502 95.2103
0.781726 -129.249 0.663498 101.828
0.674306 -105.041 0.593273 87.0911
-1.036 121.178 2.33852 84.1575
0.726823 -117.702 0.628502 95.2103
0.67491 -103.896 0.593688 86.1174
0.781726 -129.249 0.663498 101.828
-1.036 121.178 2.33852 84.1575
0.726823 -117.702 0.628502 95.2103
0.67491 -103.896 0.593688 86.1174
0.781726 -129.249 0.663498 101.828
-1.03525 119.615 2.33888 83.1032
0.725757 -116.779 0.627804 94.5119
0.674306 -103.367 0.593273 85.7029
-0.965254 118.933 2.37387 85.5715
0.781091 -131.49 0.663104 103.625
0.781726 -129.249 0.663498 101.828
-0.67491 185.542 2.54791 153.793
-0.726823 191.141 2.51309 154.616
-1.03525 119.615 2.33888 83.1032
0.725757 -116.779 0.627804 94.5119
0.674306 -101.692 0.593273 84.3147
0.781726 -132.03 0.663498 104.019
0.781726 -129.249 0.663498 101.828
-0.965254 118.933 2.37387 85.5715
-1.03525 119.615 2.33888 83.1032
0.726823 -115.975 0.628502 93.8135
0.781091 -127.928 0.663104 100.818
-0.96662 118.031 2.37317 84.8646
0.781726 -132.03 0.663498 104.019
0.6739 -100.336 0.592994 83.2061
